   z       f1     W1-W2   W1-W3  W3-W4   W2-W3 
 0.00050    1.000   -0.000   -0.000   -0.000   -0.000
 0.00100    1.000    0.000    0.001    0.000    0.001
 0.00150    0.998    0.002    0.001    0.001   -0.001
 0.00200    0.995    0.000    0.000    0.001    0.000
 0.00250    0.995    0.005    0.002    0.002   -0.003
 0.00300    0.993    0.003    0.002    0.003   -0.001
 0.00350    0.991    0.003    0.001    0.003   -0.002
 0.00400    0.990    0.005    0.002    0.004   -0.003
 0.00450    0.988    0.004    0.002    0.004   -0.002
 0.00500    0.987    0.006    0.002    0.005   -0.004
 0.00550    0.985    0.006    0.002    0.006   -0.004
 0.00600    0.983    0.007    0.002    0.006   -0.005
 0.00650    0.982    0.007    0.002    0.007   -0.005
 0.00700    0.981    0.007    0.002    0.007   -0.005
 0.00750    0.979    0.008    0.002    0.008   -0.006
 0.00800    0.978    0.009    0.003    0.008   -0.006
 0.00850    0.976    0.010    0.003    0.009   -0.007
 0.00900    0.974    0.009    0.002    0.010   -0.007
 0.00950    0.973    0.011    0.004    0.010   -0.007
 0.01000    0.972    0.011    0.003    0.011   -0.008
 0.01050    0.970    0.011    0.003    0.011   -0.008
 0.01100    0.968    0.012    0.004    0.012   -0.008
 0.01150    0.967    0.012    0.004    0.012   -0.008
 0.01200    0.966    0.013    0.004    0.013   -0.009
 0.01250    0.964    0.013    0.004    0.014   -0.009
 0.01300    0.963    0.014    0.004    0.015   -0.010
 0.01350    0.961    0.015    0.005    0.015   -0.010
 0.01400    0.959    0.015    0.004    0.016   -0.011
 0.01450    0.958    0.016    0.005    0.016   -0.011
 0.01500    0.957    0.017    0.005    0.017   -0.012
 0.01550    0.955    0.017    0.005    0.017   -0.012
 0.01600    0.954    0.018    0.006    0.018   -0.012
 0.01650    0.952    0.018    0.005    0.019   -0.013
 0.01700    0.951    0.019    0.006    0.019   -0.013
 0.01750    0.950    0.020    0.006    0.020   -0.014
 0.01800    0.948    0.020    0.006    0.020   -0.014
 0.01850    0.947    0.020    0.006    0.021   -0.014
 0.01900    0.945    0.021    0.006    0.021   -0.015
 0.01950    0.944    0.021    0.006    0.022   -0.015
 0.02000    0.942    0.022    0.006    0.023   -0.016
 0.02050    0.941    0.023    0.008    0.023   -0.015
 0.02100    0.939    0.023    0.007    0.023   -0.016
 0.02150    0.938    0.024    0.008    0.023   -0.016
 0.02200    0.937    0.024    0.007    0.024   -0.017
 0.02250    0.935    0.025    0.008    0.024   -0.017
 0.02300    0.934    0.025    0.008    0.025   -0.017
 0.02350    0.932    0.026    0.008    0.025   -0.018
 0.02400    0.931    0.027    0.009    0.025   -0.018
 0.02450    0.930    0.027    0.008    0.025   -0.019
 0.02500    0.928    0.028    0.009    0.026   -0.019
 0.02550    0.927    0.028    0.008    0.026   -0.020
 0.02600    0.925    0.029    0.009    0.026   -0.020
 0.02650    0.924    0.029    0.009    0.027   -0.020
 0.02700    0.923    0.030    0.009    0.027   -0.021
 0.02750    0.921    0.030    0.009    0.027   -0.021
 0.02800    0.920    0.031    0.009    0.027   -0.022
 0.02850    0.919    0.032    0.010    0.028   -0.022
 0.02900    0.917    0.032    0.010    0.028   -0.022
 0.02950    0.916    0.033    0.010    0.029   -0.023
 0.03000    0.915    0.034    0.010    0.030   -0.024
 0.03050    0.913    0.034    0.011    0.029   -0.023
 0.03100    0.912    0.035    0.011    0.029   -0.024
 0.03150    0.911    0.035    0.011    0.030   -0.024
 0.03200    0.909    0.036    0.011    0.030   -0.025
 0.03250    0.908    0.036    0.011    0.030   -0.025
 0.03300    0.906    0.037    0.011    0.031   -0.026
 0.03350    0.905    0.038    0.012    0.031   -0.026
 0.03400    0.904    0.038    0.011    0.031   -0.027
 0.03450    0.902    0.039    0.012    0.031   -0.027
 0.03500    0.901    0.039    0.012    0.031   -0.027
 0.03550    0.900    0.040    0.012    0.032   -0.028
 0.03600    0.898    0.040    0.012    0.032   -0.028
 0.03650    0.897    0.041    0.012    0.032   -0.029
 0.03700    0.896    0.042    0.013    0.032   -0.029
 0.03750    0.895    0.042    0.013    0.032   -0.029
 0.03800    0.893    0.043    0.013    0.032   -0.030
 0.03850    0.892    0.043    0.013    0.033   -0.030
 0.03900    0.891    0.044    0.013    0.033   -0.031
 0.03950    0.889    0.045    0.014    0.033   -0.031
 0.04000    0.888    0.045    0.013    0.034   -0.032
 0.04050    0.887    0.046    0.015    0.033   -0.031
 0.04100    0.886    0.047    0.015    0.034   -0.032
 0.04150    0.884    0.047    0.014    0.034   -0.033
 0.04200    0.883    0.047    0.014    0.034   -0.033
 0.04250    0.882    0.048    0.015    0.034   -0.033
 0.04300    0.880    0.049    0.016    0.034   -0.033
 0.04350    0.879    0.049    0.015    0.034   -0.034
 0.04400    0.878    0.050    0.016    0.035   -0.034
 0.04450    0.877    0.051    0.016    0.035   -0.035
 0.04500    0.876    0.052    0.017    0.035   -0.035
 0.04550    0.874    0.052    0.016    0.035   -0.036
 0.04600    0.873    0.053    0.017    0.035   -0.036
 0.04650    0.872    0.053    0.016    0.035   -0.037
 0.04700    0.871    0.054    0.017    0.035   -0.037
 0.04750    0.869    0.054    0.017    0.035   -0.037
 0.04800    0.868    0.055    0.017    0.036   -0.038
 0.04850    0.867    0.056    0.018    0.036   -0.038
 0.04900    0.866    0.056    0.017    0.036   -0.039
 0.04950    0.864    0.057    0.018    0.037   -0.039
 0.05000    0.863    0.057    0.018    0.037   -0.039
 0.05050    0.862    0.059    0.019    0.037   -0.040
 0.05100    0.861    0.059    0.019    0.037   -0.040
 0.05150    0.859    0.059    0.018    0.037   -0.041
 0.05200    0.858    0.060    0.019    0.037   -0.041
 0.05250    0.857    0.060    0.019    0.037   -0.041
 0.05300    0.856    0.061    0.019    0.038   -0.042
 0.05350    0.855    0.062    0.020    0.037   -0.042
 0.05400    0.853    0.062    0.019    0.038   -0.043
 0.05450    0.852    0.063    0.020    0.038   -0.043
 0.05500    0.851    0.064    0.020    0.038   -0.044
 0.05550    0.850    0.064    0.020    0.038   -0.044
 0.05600    0.849    0.065    0.020    0.039   -0.045
 0.05650    0.848    0.066    0.021    0.039   -0.045
 0.05700    0.846    0.066    0.021    0.039   -0.045
 0.05750    0.845    0.067    0.021    0.039   -0.046
 0.05800    0.844    0.068    0.022    0.039   -0.046
 0.05850    0.843    0.068    0.021    0.039   -0.047
 0.05900    0.841    0.069    0.022    0.039   -0.047
 0.05950    0.840    0.069    0.021    0.040   -0.048
 0.06000    0.839    0.070    0.022    0.040   -0.048
 0.06050    0.838    0.071    0.023    0.039   -0.048
 0.06100    0.837    0.072    0.023    0.040   -0.049
 0.06150    0.836    0.072    0.023    0.040   -0.049
 0.06200    0.835    0.073    0.023    0.040   -0.050
 0.06250    0.834    0.073    0.023    0.040   -0.050
 0.06300    0.832    0.074    0.024    0.040   -0.050
 0.06350    0.831    0.075    0.024    0.040   -0.051
 0.06400    0.830    0.075    0.024    0.041   -0.051
 0.06450    0.829    0.076    0.024    0.040   -0.052
 0.06500    0.828    0.076    0.024    0.040   -0.052
 0.06550    0.826    0.077    0.024    0.041   -0.053
 0.06600    0.825    0.078    0.025    0.041   -0.053
 0.06650    0.824    0.078    0.025    0.041   -0.053
 0.06700    0.823    0.079    0.025    0.041   -0.054
 0.06750    0.822    0.079    0.025    0.041   -0.054
 0.06800    0.821    0.080    0.025    0.041   -0.055
 0.06850    0.820    0.081    0.026    0.042   -0.055
 0.06900    0.819    0.081    0.025    0.042   -0.056
 0.06950    0.817    0.082    0.026    0.042   -0.056
 0.07000    0.816    0.083    0.026    0.042   -0.057
 0.07050    0.815    0.083    0.026    0.042   -0.057
 0.07100    0.814    0.084    0.027    0.042   -0.057
 0.07150    0.813    0.084    0.026    0.042   -0.058
 0.07200    0.812    0.085    0.027    0.042   -0.058
 0.07250    0.811    0.086    0.027    0.042   -0.059
 0.07300    0.810    0.086    0.027    0.042   -0.059
 0.07350    0.809    0.087    0.028    0.042   -0.059
 0.07400    0.807    0.088    0.028    0.042   -0.060
 0.07450    0.806    0.088    0.028    0.042   -0.060
 0.07500    0.805    0.089    0.028    0.042   -0.061
 0.07550    0.804    0.090    0.029    0.042   -0.061
 0.07600    0.803    0.090    0.028    0.042   -0.062
 0.07650    0.802    0.091    0.029    0.042   -0.062
 0.07700    0.801    0.091    0.029    0.042   -0.062
 0.07750    0.800    0.092    0.029    0.042   -0.063
 0.07800    0.799    0.093    0.030    0.042   -0.063
 0.07850    0.798    0.093    0.029    0.042   -0.064
 0.07900    0.797    0.094    0.030    0.041   -0.064
 0.07950    0.795    0.095    0.030    0.042   -0.065
 0.08000    0.794    0.095    0.030    0.042   -0.065
 0.08050    0.793    0.095    0.030    0.041   -0.065
 0.08100    0.792    0.096    0.030    0.041   -0.066
 0.08150    0.791    0.097    0.031    0.041   -0.066
 0.08200    0.790    0.098    0.032    0.040   -0.066
 0.08250    0.789    0.098    0.032    0.040   -0.066
 0.08300    0.788    0.100    0.032    0.040   -0.068
 0.08350    0.787    0.100    0.032    0.040   -0.068
 0.08400    0.786    0.099    0.032    0.040   -0.067
 0.08450    0.785    0.101    0.033    0.040   -0.068
 0.08500    0.784    0.101    0.033    0.040   -0.068
 0.08550    0.783    0.102    0.032    0.040   -0.070
 0.08600    0.782    0.103    0.034    0.040   -0.069
 0.08650    0.781    0.104    0.034    0.039   -0.070
 0.08700    0.780    0.104    0.034    0.039   -0.070
 0.08750    0.779    0.104    0.034    0.039   -0.070
 0.08800    0.778    0.105    0.034    0.039   -0.071
 0.08850    0.777    0.106    0.035    0.039   -0.071
 0.08900    0.776    0.107    0.035    0.038   -0.072
 0.08950    0.775    0.107    0.035    0.039   -0.072
 0.09000    0.774    0.108    0.035    0.039   -0.073
 0.09050    0.773    0.108    0.036    0.038   -0.072
 0.09100    0.772    0.109    0.036    0.038   -0.073
 0.09150    0.771    0.110    0.037    0.037   -0.073
 0.09200    0.770    0.111    0.037    0.037   -0.074
 0.09250    0.769    0.111    0.037    0.037   -0.074
 0.09300    0.768    0.112    0.037    0.037   -0.075
 0.09350    0.767    0.113    0.038    0.036   -0.075
 0.09400    0.766    0.113    0.038    0.036   -0.075
 0.09450    0.765    0.114    0.038    0.035   -0.076
 0.09500    0.764    0.114    0.038    0.035   -0.076
 0.09550    0.763    0.115    0.038    0.035   -0.077
 0.09600    0.762    0.116    0.039    0.035   -0.077
 0.09650    0.761    0.116    0.039    0.035   -0.077
 0.09700    0.760    0.117    0.039    0.034   -0.078
 0.09750    0.759    0.118    0.040    0.034   -0.078
 0.09800    0.758    0.118    0.039    0.034   -0.079
 0.09850    0.757    0.119    0.040    0.034   -0.079
 0.09900    0.756    0.120    0.041    0.033   -0.079
 0.09950    0.755    0.120    0.040    0.033   -0.080
 0.10000    0.754    0.121    0.041    0.034   -0.080
 0.10050    0.753    0.122    0.042    0.033   -0.080
 0.10100    0.752    0.122    0.042    0.032   -0.080
 0.10150    0.751    0.123    0.042    0.032   -0.081
 0.10200    0.750    0.124    0.043    0.032   -0.081
 0.10250    0.749    0.124    0.042    0.032   -0.082
 0.10300    0.748    0.125    0.043    0.032   -0.082
 0.10350    0.747    0.126    0.043    0.032   -0.083
 0.10400    0.746    0.127    0.044    0.032   -0.083
 0.10450    0.745    0.127    0.044    0.031   -0.083
 0.10500    0.745    0.128    0.044    0.031   -0.084
 0.10550    0.744    0.128    0.044    0.031   -0.084
 0.10600    0.743    0.129    0.044    0.031   -0.085
 0.10650    0.742    0.130    0.045    0.031   -0.085
 0.10700    0.741    0.131    0.046    0.031   -0.085
 0.10750    0.740    0.131    0.045    0.031   -0.086
 0.10800    0.739    0.131    0.045    0.031   -0.086
 0.10850    0.738    0.132    0.046    0.031   -0.086
 0.10900    0.737    0.133    0.046    0.031   -0.087
 0.10950    0.736    0.134    0.047    0.032   -0.087
 0.11000    0.735    0.134    0.047    0.032   -0.087
 0.11050    0.734    0.135    0.048    0.031   -0.087
 0.11100    0.733    0.136    0.048    0.031   -0.088
 0.11150    0.732    0.136    0.048    0.031   -0.088
 0.11200    0.731    0.137    0.048    0.031   -0.089
 0.11250    0.730    0.137    0.048    0.031   -0.089
 0.11300    0.730    0.138    0.049    0.031   -0.089
 0.11350    0.729    0.139    0.050    0.031   -0.089
 0.11400    0.728    0.140    0.050    0.031   -0.090
 0.11450    0.727    0.140    0.050    0.031   -0.090
 0.11500    0.726    0.141    0.050    0.031   -0.091
 0.11550    0.725    0.142    0.051    0.031   -0.091
 0.11600    0.724    0.142    0.050    0.031   -0.092
 0.11650    0.723    0.143    0.051    0.030   -0.092
 0.11700    0.722    0.144    0.052    0.030   -0.092
 0.11750    0.721    0.144    0.052    0.030   -0.092
 0.11800    0.721    0.145    0.052    0.030   -0.093
 0.11850    0.720    0.145    0.052    0.030   -0.093
 0.11900    0.719    0.146    0.052    0.030   -0.094
 0.11950    0.718    0.147    0.053    0.030   -0.094
 0.12000    0.717    0.147    0.053    0.030   -0.094
 0.12050    0.716    0.148    0.054    0.029   -0.094
 0.12100    0.715    0.149    0.054    0.028   -0.095
 0.12150    0.714    0.149    0.054    0.028   -0.095
 0.12200    0.713    0.150    0.054    0.028   -0.096
 0.12250    0.712    0.151    0.055    0.028   -0.096
 0.12300    0.711    0.151    0.055    0.028   -0.096
 0.12350    0.710    0.152    0.056    0.027   -0.096
 0.12400    0.710    0.153    0.056    0.027   -0.097
 0.12450    0.709    0.154    0.056    0.026   -0.098
 0.12500    0.708    0.153    0.056    0.027   -0.097
 0.12550    0.707    0.154    0.057    0.027   -0.097
 0.12600    0.706    0.154    0.056    0.026   -0.098
 0.12650    0.705    0.156    0.057    0.026   -0.099
 0.12700    0.704    0.157    0.058    0.026   -0.099
 0.12750    0.703    0.157    0.058    0.025   -0.099
 0.12800    0.702    0.158    0.058    0.025   -0.100
 0.12850    0.702    0.158    0.058    0.025   -0.100
 0.12900    0.701    0.159    0.059    0.024   -0.100
 0.12950    0.700    0.159    0.058    0.024   -0.101
 0.13000    0.699    0.160    0.059    0.024   -0.101
 0.13050    0.698    0.160    0.059    0.023   -0.101
 0.13100    0.697    0.161    0.059    0.022   -0.102
 0.13150    0.696    0.162    0.060    0.022   -0.102
 0.13200    0.695    0.162    0.060    0.021   -0.102
 0.13250    0.694    0.163    0.060    0.021   -0.103
 0.13300    0.694    0.164    0.061    0.021   -0.103
 0.13350    0.693    0.165    0.062    0.020   -0.103
 0.13400    0.692    0.165    0.061    0.020   -0.104
 0.13450    0.691    0.165    0.061    0.019   -0.104
 0.13500    0.690    0.167    0.062    0.019   -0.105
 0.13550    0.689    0.167    0.062    0.019   -0.105
 0.13600    0.688    0.167    0.062    0.018   -0.105
 0.13650    0.688    0.168    0.062    0.018   -0.106
 0.13700    0.687    0.169    0.063    0.017   -0.106
 0.13750    0.686    0.169    0.063    0.017   -0.106
 0.13800    0.685    0.169    0.062    0.017   -0.107
 0.13850    0.684    0.171    0.064    0.016   -0.107
 0.13900    0.683    0.171    0.064    0.016   -0.107
 0.13950    0.682    0.171    0.063    0.016   -0.108
 0.14000    0.681    0.172    0.063    0.016   -0.109
 0.14050    0.681    0.173    0.065    0.015   -0.108
 0.14100    0.680    0.174    0.065    0.014   -0.109
 0.14150    0.678    0.173    0.064    0.014   -0.109
 0.14200    0.678    0.174    0.064    0.014   -0.110
 0.14250    0.677    0.175    0.065    0.014   -0.110
 0.14300    0.676    0.176    0.066    0.013   -0.110
 0.14350    0.675    0.176    0.066    0.013   -0.110
 0.14400    0.674    0.176    0.065    0.012   -0.111
 0.14450    0.674    0.177    0.066    0.012   -0.111
 0.14500    0.673    0.178    0.066    0.012   -0.112
 0.14550    0.672    0.178    0.066    0.011   -0.112
 0.14600    0.671    0.178    0.066    0.011   -0.112
 0.14650    0.670    0.180    0.067    0.011   -0.113
 0.14700    0.669    0.180    0.067    0.010   -0.113
 0.14750    0.668    0.181    0.068    0.010   -0.113
 0.14800    0.667    0.181    0.067    0.010   -0.114
 0.14850    0.667    0.182    0.068    0.009   -0.114
 0.14900    0.666    0.183    0.068    0.009   -0.115
 0.14950    0.665    0.182    0.067    0.009   -0.115
 0.15000    0.664    0.183    0.068    0.009   -0.115
 0.15050    0.663    0.184    0.069    0.008   -0.115
 0.15100    0.663    0.185    0.069    0.007   -0.116
 0.15150    0.662    0.185    0.069    0.007   -0.116
 0.15200    0.661    0.185    0.069    0.006   -0.116
 0.15250    0.660    0.186    0.069    0.006   -0.117
 0.15300    0.659    0.187    0.070    0.006   -0.117
 0.15350    0.658    0.187    0.069    0.005   -0.118
 0.15400    0.657    0.187    0.069    0.005   -0.118
 0.15450    0.657    0.188    0.070    0.005   -0.118
 0.15500    0.656    0.189    0.071    0.004   -0.118
 0.15550    0.655    0.189    0.070    0.004   -0.119
 0.15600    0.654    0.189    0.070    0.004   -0.119
 0.15650    0.653    0.190    0.071    0.004   -0.119
 0.15700    0.652    0.191    0.071    0.003   -0.120
 0.15750    0.651    0.191    0.071    0.003   -0.120
 0.15800    0.650    0.191    0.071    0.003   -0.120
 0.15850    0.650    0.192    0.071    0.002   -0.121
 0.15900    0.649    0.193    0.072    0.002   -0.121
 0.15950    0.648    0.193    0.071    0.002   -0.122
 0.16000    0.647    0.193    0.071    0.002   -0.122
 0.16050    0.646    0.194    0.072    0.001   -0.122
 0.16100    0.646    0.195    0.073    0.001   -0.122
 0.16150    0.645    0.195    0.073    0.001   -0.122
 0.16200    0.644    0.196    0.073    0.001   -0.123
 0.16250    0.643    0.196    0.073    0.001   -0.123
 0.16300    0.643    0.197    0.074    0.000   -0.123
 0.16350    0.642    0.197    0.074    0.000   -0.123
 0.16400    0.641    0.198    0.074   -0.000   -0.124
 0.16450    0.640    0.198    0.074   -0.000   -0.124
 0.16500    0.639    0.199    0.074   -0.000   -0.125
 0.16550    0.638    0.200    0.075   -0.000   -0.125
 0.16600    0.638    0.200    0.074   -0.000   -0.126
 0.16650    0.637    0.200    0.075   -0.001   -0.125
 0.16700    0.636    0.200    0.075   -0.001   -0.125
 0.16750    0.635    0.201    0.075   -0.001   -0.126
 0.16800    0.634    0.202    0.076   -0.000   -0.126
 0.16850    0.633    0.202    0.075   -0.001   -0.127
 0.16900    0.633    0.203    0.076   -0.000   -0.127
 0.16950    0.632    0.203    0.076   -0.000   -0.127
 0.17000    0.631    0.204    0.076    0.000   -0.128
 0.17050    0.630    0.204    0.077   -0.001   -0.127
 0.17100    0.629    0.205    0.077   -0.001   -0.128
 0.17150    0.629    0.205    0.077   -0.000   -0.128
 0.17200    0.628    0.206    0.077   -0.000   -0.129
 0.17250    0.627    0.205    0.076   -0.000   -0.129
 0.17300    0.626    0.206    0.077    0.000   -0.129
 0.17350    0.625    0.207    0.078    0.000   -0.129
 0.17400    0.625    0.207    0.077    0.001   -0.130
 0.17450    0.624    0.208    0.078    0.000   -0.130
 0.17500    0.623    0.208    0.078    0.001   -0.130
 0.17550    0.622    0.208    0.078    0.001   -0.130
 0.17600    0.622    0.209    0.078    0.002   -0.131
 0.17650    0.621    0.209    0.078    0.002   -0.131
 0.17700    0.620    0.210    0.079    0.002   -0.131
 0.17750    0.619    0.210    0.079    0.002   -0.131
 0.17800    0.619    0.211    0.079    0.002   -0.132
 0.17850    0.617    0.211    0.079    0.002   -0.132
 0.17900    0.617    0.212    0.080    0.003   -0.132
 0.17950    0.616    0.212    0.080    0.003   -0.132
 0.18000    0.615    0.213    0.080    0.003   -0.133
 0.18050    0.614    0.213    0.081    0.003   -0.132
 0.18100    0.614    0.213    0.080    0.003   -0.133
 0.18150    0.613    0.214    0.081    0.003   -0.133
 0.18200    0.612    0.214    0.081    0.003   -0.133
 0.18250    0.611    0.215    0.082    0.003   -0.133
 0.18300    0.611    0.215    0.081    0.003   -0.134
 0.18350    0.609    0.215    0.081    0.003   -0.134
 0.18400    0.609    0.216    0.082    0.003   -0.134
 0.18450    0.608    0.216    0.082    0.003   -0.134
 0.18500    0.607    0.217    0.083    0.003   -0.134
 0.18550    0.606    0.217    0.082    0.004   -0.135
 0.18600    0.606    0.217    0.082    0.004   -0.135
 0.18650    0.605    0.218    0.083    0.004   -0.135
 0.18700    0.604    0.218    0.083    0.004   -0.135
 0.18750    0.603    0.218    0.083    0.004   -0.135
 0.18800    0.602    0.218    0.082    0.004   -0.136
 0.18850    0.602    0.219    0.083    0.004   -0.136
 0.18900    0.601    0.219    0.083    0.004   -0.136
 0.18950    0.600    0.219    0.083    0.005   -0.136
 0.19000    0.599    0.219    0.083    0.005   -0.136
 0.19050    0.598    0.220    0.084    0.004   -0.136
 0.19100    0.598    0.221    0.085    0.004   -0.136
 0.19150    0.597    0.221    0.085    0.004   -0.136
 0.19200    0.596    0.221    0.084    0.005   -0.137
 0.19250    0.595    0.221    0.084    0.005   -0.137
 0.19300    0.595    0.222    0.085    0.005   -0.137
 0.19350    0.594    0.222    0.085    0.005   -0.137
 0.19400    0.593    0.222    0.085    0.005   -0.137
 0.19450    0.592    0.223    0.086    0.004   -0.137
 0.19500    0.592    0.224    0.086    0.005   -0.138
 0.19550    0.591    0.223    0.085    0.005   -0.138
 0.19600    0.590    0.223    0.085    0.005   -0.138
 0.19650    0.589    0.224    0.086    0.005   -0.138
 0.19700    0.589    0.224    0.086    0.005   -0.138
 0.19750    0.588    0.224    0.086    0.005   -0.138
 0.19800    0.587    0.224    0.086    0.005   -0.138
 0.19850    0.586    0.225    0.086    0.005   -0.139
 0.19900    0.585    0.225    0.086    0.005   -0.139
 0.19950    0.585    0.226    0.087    0.005   -0.139
 0.20000    0.584    0.226    0.087    0.005   -0.139
 0.20050    0.583    0.225    0.086    0.004   -0.139
 0.20100    0.582    0.226    0.087    0.004   -0.139
 0.20150    0.582    0.227    0.088    0.005   -0.139
 0.20200    0.581    0.227    0.088    0.005   -0.139
 0.20250    0.580    0.227    0.087    0.005   -0.140
 0.20300    0.579    0.227    0.087    0.005   -0.140
 0.20350    0.578    0.227    0.087    0.005   -0.140
 0.20400    0.577    0.227    0.087    0.005   -0.140
 0.20450    0.577    0.227    0.087    0.004   -0.140
 0.20500    0.576    0.227    0.087    0.005   -0.140
 0.20550    0.575    0.227    0.087    0.005   -0.140
 0.20600    0.574    0.228    0.088    0.005   -0.140
 0.20650    0.573    0.228    0.088    0.005   -0.140
 0.20700    0.573    0.228    0.088    0.005   -0.140
 0.20750    0.572    0.228    0.088    0.005   -0.140
 0.20800    0.571    0.229    0.088    0.005   -0.141
 0.20850    0.571    0.229    0.089    0.005   -0.140
 0.20900    0.570    0.229    0.088    0.005   -0.141
 0.20950    0.569    0.229    0.088    0.005   -0.141
 0.21000    0.568    0.230    0.089    0.005   -0.141
 0.21050    0.568    0.230    0.089    0.004   -0.141
 0.21100    0.567    0.230    0.089    0.004   -0.141
 0.21150    0.566    0.230    0.089    0.004   -0.141
 0.21200    0.565    0.230    0.089    0.005   -0.141
 0.21250    0.564    0.230    0.089    0.004   -0.141
 0.21300    0.564    0.231    0.090    0.004   -0.141
 0.21350    0.563    0.231    0.090    0.004   -0.141
 0.21400    0.562    0.231    0.090    0.005   -0.141
 0.21450    0.561    0.231    0.090    0.004   -0.141
 0.21500    0.561    0.231    0.090    0.004   -0.141
 0.21550    0.560    0.232    0.091    0.004   -0.141
 0.21600    0.559    0.231    0.090    0.004   -0.141
 0.21650    0.558    0.231    0.090    0.004   -0.141
 0.21700    0.558    0.232    0.091    0.004   -0.141
 0.21750    0.557    0.232    0.091    0.004   -0.141
 0.21800    0.556    0.231    0.089    0.004   -0.142
 0.21850    0.555    0.231    0.089    0.004   -0.142
 0.21900    0.554    0.232    0.090    0.004   -0.142
 0.21950    0.553    0.231    0.089    0.004   -0.142
 0.22000    0.552    0.231    0.089    0.005   -0.142
 0.22050    0.552    0.232    0.091    0.004   -0.141
 0.22100    0.551    0.232    0.090    0.004   -0.142
 0.22150    0.550    0.231    0.089    0.004   -0.142
 0.22200    0.549    0.232    0.090    0.004   -0.142
 0.22250    0.549    0.232    0.090    0.004   -0.142
 0.22300    0.548    0.231    0.089    0.004   -0.142
 0.22350    0.547    0.231    0.089    0.004   -0.142
 0.22400    0.546    0.232    0.090    0.004   -0.142
 0.22450    0.545    0.232    0.090    0.003   -0.142
 0.22500    0.545    0.231    0.089    0.004   -0.142
 0.22550    0.544    0.232    0.090    0.004   -0.142
 0.22600    0.543    0.232    0.090    0.004   -0.142
 0.22650    0.542    0.232    0.090    0.004   -0.142
 0.22700    0.542    0.232    0.090    0.004   -0.142
 0.22750    0.541    0.232    0.090    0.003   -0.142
 0.22800    0.540    0.232    0.090    0.004   -0.142
 0.22850    0.539    0.232    0.090    0.003   -0.142
 0.22900    0.539    0.233    0.091    0.003   -0.142
 0.22950    0.538    0.232    0.090    0.004   -0.142
 0.23000    0.537    0.232    0.089    0.004   -0.143
 0.23050    0.537    0.233    0.091    0.003   -0.142
 0.23100    0.536    0.233    0.091    0.003   -0.142
 0.23150    0.535    0.232    0.090    0.003   -0.142
 0.23200    0.534    0.232    0.090    0.003   -0.142
 0.23250    0.534    0.233    0.091    0.003   -0.142
 0.23300    0.533    0.232    0.089    0.003   -0.143
 0.23350    0.532    0.233    0.091    0.003   -0.142
 0.23400    0.531    0.233    0.091    0.003   -0.142
 0.23450    0.531    0.233    0.091    0.002   -0.142
 0.23500    0.530    0.232    0.090    0.002   -0.142
 0.23550    0.529    0.233    0.090    0.002   -0.143
 0.23600    0.528    0.232    0.089    0.002   -0.143
 0.23650    0.528    0.232    0.089    0.002   -0.143
 0.23700    0.527    0.232    0.089    0.002   -0.143
 0.23750    0.526    0.232    0.089    0.002   -0.143
 0.23800    0.525    0.233    0.090    0.002   -0.143
 0.23850    0.524    0.232    0.089    0.002   -0.143
 0.23900    0.524    0.232    0.089    0.002   -0.143
 0.23950    0.523    0.232    0.089    0.002   -0.143
 0.24000    0.522    0.232    0.089    0.002   -0.143
 0.24050    0.521    0.232    0.089    0.002   -0.143
 0.24100    0.521    0.232    0.089    0.002   -0.143
 0.24150    0.520    0.232    0.089    0.002   -0.143
 0.24200    0.519    0.232    0.089    0.002   -0.143
 0.24250    0.519    0.232    0.089    0.002   -0.143
 0.24300    0.518    0.232    0.089    0.002   -0.143
 0.24350    0.517    0.233    0.090    0.002   -0.143
 0.24400    0.516    0.232    0.089    0.002   -0.143
 0.24450    0.516    0.233    0.090    0.002   -0.143
 0.24500    0.515    0.232    0.089    0.002   -0.143
 0.24550    0.514    0.232    0.089    0.002   -0.143
 0.24600    0.513    0.232    0.088    0.002   -0.144
 0.24650    0.513    0.233    0.090    0.002   -0.143
 0.24700    0.512    0.231    0.089    0.002   -0.142
 0.24750    0.511    0.232    0.088    0.003   -0.144
 0.24800    0.511    0.232    0.089    0.003   -0.143
 0.24850    0.510    0.231    0.089    0.003   -0.142
 0.24900    0.509    0.232    0.088    0.003   -0.144
 0.24950    0.508    0.231    0.089    0.003   -0.142
 0.25000    0.508    0.231    0.089    0.004   -0.142
 0.25050    0.507    0.232    0.088    0.003   -0.144
 0.25100    0.506    0.231    0.089    0.002   -0.142
 0.25150    0.506    0.233    0.089    0.003   -0.144
 0.25200    0.505    0.232    0.089    0.003   -0.143
 0.25250    0.504    0.231    0.089    0.002   -0.142
 0.25300    0.504    0.232    0.088    0.003   -0.144
 0.25350    0.502    0.231    0.088    0.003   -0.143
 0.25400    0.502    0.231    0.088    0.003   -0.143
 0.25450    0.501    0.231    0.088    0.002   -0.143
 0.25500    0.501    0.231    0.088    0.002   -0.143
 0.25550    0.500    0.230    0.087    0.003   -0.143
 0.25600    0.499    0.231    0.088    0.003   -0.143
 0.25650    0.498    0.231    0.088    0.002   -0.143
 0.25700    0.498    0.231    0.088    0.002   -0.143
 0.25750    0.497    0.231    0.088    0.002   -0.143
 0.25800    0.496    0.231    0.088    0.002   -0.143
 0.25850    0.496    0.231    0.088    0.002   -0.143
 0.25900    0.495    0.231    0.088    0.002   -0.143
 0.25950    0.495    0.231    0.088    0.002   -0.143
 0.26000    0.494    0.231    0.088    0.002   -0.143
 0.26050    0.493    0.231    0.089    0.001   -0.142
 0.26100    0.492    0.231    0.088    0.001   -0.143
 0.26150    0.491    0.230    0.088    0.001   -0.142
 0.26200    0.491    0.231    0.089    0.001   -0.142
 0.26250    0.490    0.231    0.089    0.001   -0.142
 0.26300    0.489    0.230    0.088    0.001   -0.142
 0.26350    0.489    0.230    0.088    0.001   -0.142
 0.26400    0.488    0.230    0.088    0.001   -0.142
 0.26450    0.487    0.230    0.088    0.000   -0.142
 0.26500    0.487    0.231    0.089    0.000   -0.142
 0.26550    0.486    0.230    0.088    0.000   -0.142
 0.26600    0.485    0.230    0.088    0.000   -0.142
 0.26650    0.485    0.230    0.088   -0.000   -0.142
 0.26700    0.484    0.230    0.088   -0.000   -0.142
 0.26750    0.483    0.230    0.088   -0.000   -0.142
 0.26800    0.483    0.230    0.088   -0.000   -0.142
 0.26850    0.482    0.230    0.088   -0.001   -0.142
 0.26900    0.481    0.229    0.087   -0.001   -0.142
 0.26950    0.480    0.229    0.087   -0.001   -0.142
 0.27000    0.480    0.229    0.087   -0.001   -0.142
 0.27050    0.479    0.230    0.089   -0.001   -0.141
 0.27100    0.479    0.229    0.088   -0.001   -0.141
 0.27150    0.478    0.229    0.088   -0.001   -0.141
 0.27200    0.477    0.229    0.088   -0.001   -0.141
 0.27250    0.477    0.229    0.088   -0.002   -0.141
 0.27300    0.476    0.228    0.087   -0.002   -0.141
 0.27350    0.475    0.229    0.088   -0.002   -0.141
 0.27400    0.474    0.228    0.087   -0.002   -0.141
 0.27450    0.474    0.228    0.087   -0.002   -0.141
 0.27500    0.473    0.229    0.088   -0.002   -0.141
 0.27550    0.473    0.228    0.087   -0.002   -0.141
 0.27600    0.472    0.228    0.087   -0.002   -0.141
 0.27650    0.471    0.229    0.088   -0.003   -0.141
 0.27700    0.471    0.228    0.087   -0.003   -0.141
 0.27750    0.470    0.228    0.087   -0.003   -0.141
 0.27800    0.469    0.228    0.087   -0.003   -0.141
 0.27850    0.469    0.228    0.087   -0.004   -0.141
 0.27900    0.468    0.228    0.087   -0.004   -0.141
 0.27950    0.467    0.227    0.086   -0.004   -0.141
 0.28000    0.467    0.228    0.087   -0.004   -0.141
 0.28050    0.466    0.228    0.088   -0.005   -0.140
 0.28100    0.465    0.227    0.087   -0.005   -0.140
 0.28150    0.465    0.228    0.088   -0.005   -0.140
 0.28200    0.464    0.227    0.087   -0.005   -0.140
 0.28250    0.463    0.227    0.087   -0.005   -0.140
 0.28300    0.462    0.226    0.086   -0.005   -0.140
 0.28350    0.462    0.227    0.087   -0.006   -0.140
 0.28400    0.461    0.226    0.086   -0.006   -0.140
 0.28450    0.460    0.225    0.085   -0.006   -0.140
 0.28500    0.460    0.226    0.086   -0.006   -0.140
 0.28550    0.459    0.226    0.086   -0.006   -0.140
 0.28600    0.459    0.226    0.086   -0.006   -0.140
 0.28650    0.458    0.225    0.085   -0.007   -0.140
 0.28700    0.457    0.225    0.085   -0.007   -0.140
 0.28750    0.457    0.225    0.086   -0.007   -0.139
 0.28800    0.456    0.225    0.086   -0.007   -0.139
 0.28850    0.455    0.225    0.086   -0.007   -0.139
 0.28900    0.455    0.224    0.085   -0.008   -0.139
 0.28950    0.454    0.224    0.085   -0.008   -0.139
 0.29000    0.453    0.224    0.085   -0.008   -0.139
 0.29050    0.453    0.224    0.085   -0.008   -0.139
 0.29100    0.452    0.223    0.084   -0.009   -0.139
 0.29150    0.451    0.224    0.085   -0.009   -0.139
 0.29200    0.451    0.224    0.085   -0.009   -0.139
 0.29250    0.450    0.224    0.085   -0.009   -0.139
 0.29300    0.450    0.224    0.085   -0.009   -0.139
 0.29350    0.449    0.224    0.085   -0.010   -0.139
 0.29400    0.448    0.223    0.085   -0.010   -0.138
 0.29450    0.448    0.224    0.086   -0.010   -0.138
 0.29500    0.447    0.223    0.085   -0.010   -0.138
 0.29550    0.446    0.223    0.085   -0.011   -0.138
 0.29600    0.446    0.223    0.085   -0.011   -0.138
 0.29650    0.445    0.223    0.085   -0.011   -0.138
 0.29700    0.444    0.222    0.084   -0.012   -0.138
 0.29750    0.444    0.222    0.084   -0.012   -0.138
 0.29800    0.443    0.222    0.084   -0.012   -0.138
 0.29850    0.443    0.222    0.084   -0.012   -0.138
 0.29900    0.442    0.222    0.084   -0.013   -0.138
 0.29950    0.441    0.222    0.084   -0.013   -0.138
 0.30000    0.441    0.222    0.084   -0.013   -0.138
 0.30050    0.440    0.221    0.084   -0.014   -0.137
 0.30350    0.436    0.220    0.083   -0.016   -0.137
 0.30654    0.432    0.219    0.083   -0.018   -0.136
 0.30960    0.429    0.219    0.083   -0.020   -0.136
 0.31270    0.425    0.217    0.082   -0.022   -0.135
 0.31583    0.422    0.216    0.081   -0.024   -0.135
 0.31898    0.418    0.214    0.080   -0.026   -0.134
 0.32217    0.414    0.214    0.080   -0.027   -0.134
 0.32540    0.410    0.212    0.079   -0.027   -0.133
 0.32865    0.407    0.212    0.079   -0.028   -0.133
 0.33194    0.403    0.210    0.078   -0.028   -0.132
 0.33526    0.400    0.210    0.078   -0.029   -0.132
 0.33861    0.396    0.206    0.075   -0.029   -0.131
 0.34199    0.393    0.207    0.077   -0.030   -0.130
 0.34541    0.388    0.204    0.074   -0.030   -0.130
 0.34887    0.385    0.202    0.073   -0.030   -0.129
 0.35236    0.382    0.202    0.073   -0.031   -0.129
 0.35588    0.378    0.200    0.072   -0.031   -0.128
 0.35944    0.374    0.198    0.071   -0.031   -0.127
 0.36303    0.370    0.196    0.070   -0.032   -0.126
 0.36666    0.367    0.194    0.068   -0.033   -0.126
 0.37033    0.363    0.193    0.068   -0.034   -0.125
 0.37403    0.359    0.190    0.066   -0.035   -0.124
 0.37777    0.355    0.188    0.065   -0.037   -0.123
 0.38155    0.352    0.186    0.064   -0.039   -0.122
 0.38537    0.348    0.184    0.063   -0.041   -0.121
 0.38922    0.344    0.181    0.061   -0.044   -0.120
 0.39311    0.340    0.179    0.060   -0.047   -0.119
 0.39705    0.337    0.177    0.059   -0.049   -0.118
 0.40102    0.333    0.174    0.057   -0.052   -0.117
 0.40503    0.330    0.172    0.056   -0.054   -0.116
 0.40908    0.326    0.168    0.053   -0.055   -0.115
 0.41317    0.322    0.166    0.052   -0.055   -0.114
 0.41730    0.318    0.162    0.049   -0.055   -0.113
 0.42147    0.314    0.158    0.046   -0.054   -0.112
 0.42569    0.311    0.156    0.045   -0.053   -0.111
 0.42994    0.307    0.153    0.044   -0.052   -0.109
 0.43424    0.303    0.150    0.042   -0.051   -0.108
 0.43858    0.300    0.147    0.040   -0.050   -0.107
 0.44297    0.296    0.143    0.037   -0.049   -0.106
 0.44740    0.292    0.140    0.035   -0.049   -0.105
 0.45187    0.289    0.136    0.032   -0.048   -0.104
 0.45639    0.285    0.131    0.028   -0.048   -0.103
 0.46096    0.281    0.128    0.026   -0.047   -0.102
 0.46557    0.278    0.123    0.022   -0.047   -0.101
 0.47022    0.274    0.119    0.019   -0.048   -0.100
 0.47492    0.271    0.115    0.016   -0.048   -0.099
 0.47967    0.267    0.111    0.013   -0.049   -0.098
 0.48447    0.263    0.107    0.010   -0.051   -0.097
 0.48932    0.260    0.102    0.007   -0.052   -0.095
 0.49421    0.256    0.097    0.003   -0.054   -0.094
 0.49915    0.253    0.094    0.001   -0.056   -0.093
 0.50414    0.249    0.089   -0.003   -0.058   -0.092
 0.50918    0.246    0.083   -0.007   -0.059   -0.090
 0.51428    0.242    0.078   -0.010   -0.059   -0.088
 0.51942    0.239    0.073   -0.014   -0.059   -0.087
 0.52461    0.235    0.068   -0.017   -0.057   -0.085
 0.52986    0.232    0.064   -0.020   -0.056   -0.084
 0.53516    0.229    0.059   -0.023   -0.053   -0.082
 0.54051    0.226    0.055   -0.025   -0.052   -0.080
 0.54591    0.223    0.050   -0.028   -0.051   -0.078
 0.55137    0.220    0.046   -0.030   -0.051   -0.076
 0.55689    0.216    0.042   -0.031   -0.050   -0.073
 0.56246    0.214    0.038   -0.033   -0.050   -0.071
 0.56808    0.211    0.034   -0.035   -0.050   -0.069
 0.57376    0.208    0.029   -0.038   -0.050   -0.067
 0.57950    0.205    0.026   -0.039   -0.051   -0.065
 0.58529    0.202    0.021   -0.042   -0.051   -0.063
 0.59115    0.199    0.017   -0.044   -0.052   -0.061
 0.59706    0.197    0.013   -0.045   -0.053   -0.058
 0.60303    0.194    0.009   -0.046   -0.055   -0.055
 0.60906    0.191    0.005   -0.048   -0.057   -0.053
 0.61515    0.189    0.001   -0.049   -0.059   -0.050
 0.62130    0.186   -0.003   -0.050   -0.060   -0.047
 0.62751    0.184   -0.007   -0.052   -0.061   -0.045
 0.63379    0.181   -0.009   -0.052   -0.062   -0.043
 0.64013    0.179   -0.013   -0.053   -0.061   -0.040
 0.64653    0.177   -0.016   -0.054   -0.058   -0.038
 0.65299    0.174   -0.017   -0.053   -0.056   -0.036
 0.65952    0.172   -0.017   -0.052   -0.055   -0.035
 0.66612    0.170   -0.018   -0.051   -0.053   -0.033
 0.67278    0.168   -0.018   -0.049   -0.052   -0.031
 0.67951    0.166   -0.017   -0.048   -0.052   -0.031
 0.68630    0.164   -0.017   -0.047   -0.052   -0.030
 0.69317    0.162   -0.016   -0.044   -0.052   -0.028
 0.70010    0.160   -0.014   -0.043   -0.052   -0.029
 0.70710    0.158   -0.013   -0.041   -0.053   -0.028
 0.71417    0.156   -0.012   -0.039   -0.055   -0.027
 0.72131    0.155   -0.009   -0.036   -0.057   -0.027
 0.72852    0.153   -0.008   -0.035   -0.059   -0.027
 0.73581    0.151   -0.006   -0.032   -0.062   -0.026
 0.74317    0.149   -0.001   -0.029   -0.064   -0.028
 0.75060    0.147    0.002   -0.026   -0.067   -0.028
 0.75810    0.146    0.006   -0.022   -0.070   -0.028
 0.76569    0.144    0.011   -0.019   -0.073   -0.030
 0.77334    0.142    0.016   -0.015   -0.075   -0.031
 0.78108    0.140    0.021   -0.011   -0.074   -0.032
 0.78889    0.139    0.028   -0.007   -0.070   -0.035
 0.79678    0.137    0.034   -0.003   -0.067   -0.037
 0.80474    0.135    0.041    0.001   -0.064   -0.040
 0.81279    0.134    0.049    0.004   -0.061   -0.045
 0.82092    0.132    0.055    0.009   -0.058   -0.046
 0.82913    0.130    0.063    0.014   -0.056   -0.049
 0.83742    0.129    0.070    0.018   -0.054   -0.052
 0.84579    0.127    0.078    0.023   -0.053   -0.055
 0.85425    0.126    0.086    0.028   -0.052   -0.058
 0.86279    0.124    0.095    0.033   -0.051   -0.062
 0.87142    0.123    0.103    0.039   -0.051   -0.064
 0.88014    0.121    0.110    0.043   -0.052   -0.067
 0.88894    0.119    0.118    0.048   -0.053   -0.070
 0.89783    0.118    0.126    0.054   -0.054   -0.072
 0.90681    0.117    0.134    0.060   -0.054   -0.074
 0.91587    0.115    0.141    0.064   -0.056   -0.077
 0.92503    0.114    0.150    0.071   -0.058   -0.079
 0.93428    0.112    0.159    0.077   -0.060   -0.082
 0.94363    0.111    0.167    0.083   -0.061   -0.084
 0.95306    0.110    0.175    0.089   -0.059   -0.086
 0.96259    0.108    0.184    0.096   -0.054   -0.088
 0.97222    0.107    0.193    0.102   -0.050   -0.091
 0.98194    0.106    0.203    0.110   -0.045   -0.093
 0.99176    0.105    0.212    0.117   -0.041   -0.095
 1.00168    0.104    0.221    0.126   -0.037   -0.095
 1.01169    0.102    0.231    0.132   -0.034   -0.099
 1.02181    0.101    0.241    0.141   -0.033   -0.100
 1.03203    0.100    0.251    0.149   -0.031   -0.102
 1.04235    0.099    0.261    0.157   -0.030   -0.104
 1.05277    0.098    0.271    0.165   -0.030   -0.106
 1.06330    0.097    0.281    0.174   -0.030   -0.107
 1.07393    0.096    0.292    0.183   -0.029   -0.109
 1.08467    0.095    0.304    0.193   -0.028   -0.111
 1.09552    0.094    0.315    0.204   -0.029   -0.111
 1.10647    0.093    0.326    0.213   -0.030   -0.113
 1.11754    0.092    0.337    0.224   -0.031   -0.113
 1.12871    0.091    0.349    0.235   -0.033   -0.114
 1.14000    0.091    0.361    0.247   -0.034   -0.114
 1.15140    0.090    0.373    0.258   -0.035   -0.115
 1.16292    0.089    0.385    0.271   -0.036   -0.114
 1.17455    0.088    0.396    0.283   -0.036   -0.113
 1.18629    0.088    0.409    0.296   -0.037   -0.113
 1.19815    0.087    0.422    0.310   -0.038   -0.112
 1.21013    0.086    0.434    0.323   -0.041   -0.111
 1.22224    0.086    0.448    0.338   -0.044   -0.110
 1.23446    0.085    0.460    0.352   -0.047   -0.108
 1.24680    0.085    0.474    0.368   -0.050   -0.106
 1.25927    0.084    0.485    0.381   -0.054   -0.104
 1.27186    0.084    0.497    0.396   -0.057   -0.101
 1.28458    0.083    0.510    0.412   -0.061   -0.098
 1.29743    0.083    0.522    0.427   -0.066   -0.095
 1.31040    0.082    0.534    0.443   -0.072   -0.091
 1.32351    0.081    0.546    0.458   -0.078   -0.088
 1.33674    0.081    0.559    0.474   -0.084   -0.085
 1.35011    0.081    0.571    0.490   -0.090   -0.081
 1.36361    0.080    0.583    0.505   -0.095   -0.078
 1.37725    0.079    0.596    0.520   -0.099   -0.076
 1.39102    0.079    0.607    0.535   -0.102   -0.072
 1.40493    0.078    0.620    0.550   -0.105   -0.070
 1.41898    0.078    0.631    0.564   -0.109   -0.067
 1.43317    0.077    0.643    0.579   -0.113   -0.064
 1.44750    0.077    0.655    0.594   -0.117   -0.061
 1.46197    0.076    0.666    0.608   -0.121   -0.058
 1.47659    0.075    0.678    0.623   -0.125   -0.055
 1.49136    0.075    0.688    0.637   -0.129   -0.051
 1.50627    0.074    0.700    0.651   -0.134   -0.049
 1.52134    0.074    0.708    0.664   -0.138   -0.044
 1.53655    0.073    0.717    0.677   -0.141   -0.040
 1.55192    0.072    0.726    0.691   -0.144   -0.035
 1.56743    0.071    0.733    0.703   -0.146   -0.030
 1.58311    0.071    0.740    0.716   -0.149   -0.024
 1.59894    0.070    0.747    0.728   -0.151   -0.019
 1.61493    0.069    0.753    0.740   -0.153   -0.013
 1.63108    0.069    0.760    0.753   -0.154   -0.007
 1.64739    0.068    0.765    0.764   -0.155   -0.001
 1.66386    0.067    0.771    0.776   -0.156    0.005
 1.68050    0.067    0.776    0.788   -0.157    0.012
 1.69731    0.066    0.780    0.799   -0.158    0.019
 1.71428    0.065    0.783    0.811   -0.159    0.028
 1.73142    0.064    0.787    0.823   -0.159    0.036
 1.74874    0.064    0.791    0.836   -0.160    0.045
 1.76622    0.063    0.794    0.848   -0.160    0.054
 1.78389    0.062    0.796    0.861   -0.160    0.065
 1.80173    0.062    0.798    0.873   -0.160    0.075
 1.81974    0.061    0.800    0.886   -0.161    0.086
 1.83794    0.061    0.801    0.898   -0.161    0.097
 1.85632    0.060    0.802    0.910   -0.161    0.108
 1.87488    0.059    0.803    0.923   -0.160    0.120
 1.89363    0.059    0.804    0.937   -0.160    0.133
 1.91257    0.058    0.804    0.950   -0.160    0.146
 1.93169    0.058    0.804    0.963   -0.160    0.159
 1.95101    0.057    0.804    0.976   -0.159    0.172
 1.97052    0.056    0.804    0.990   -0.158    0.186
 1.99023    0.056    0.803    1.003   -0.157    0.200
 2.01013    0.055    0.802    1.016   -0.156    0.214
 2.03023    0.055    0.800    1.029   -0.155    0.229
 2.05053    0.054    0.798    1.043   -0.154    0.245
 2.07104    0.054    0.797    1.058   -0.154    0.261
 2.09175    0.053    0.795    1.072   -0.153    0.277
 2.11267    0.053    0.794    1.088   -0.152    0.294
 2.13379    0.052    0.793    1.103   -0.152    0.310
 2.15513    0.052    0.791    1.118   -0.151    0.327
 2.17668    0.051    0.789    1.133   -0.150    0.344
 2.19845    0.051    0.788    1.149   -0.150    0.361
 2.22043    0.050    0.788    1.166   -0.149    0.378
 2.24264    0.050    0.787    1.183   -0.149    0.396
 2.26506    0.050    0.788    1.201   -0.149    0.413
 2.28771    0.049    0.789    1.220   -0.149    0.431
 2.31059    0.049    0.790    1.239   -0.149    0.449
 2.33370    0.048    0.792    1.259   -0.150    0.467
 2.35703    0.048    0.794    1.280   -0.151    0.486
 2.38060    0.048    0.796    1.300   -0.153    0.504
 2.40441    0.047    0.798    1.320   -0.154    0.522
 2.42846    0.047    0.800    1.340   -0.156    0.540
 2.45274    0.047    0.804    1.362   -0.158    0.558
 2.47727    0.046    0.809    1.384   -0.160    0.575
 2.50204    0.046    0.813    1.405   -0.161    0.592
 2.52706    0.046    0.819    1.428   -0.163    0.609
 2.55233    0.046    0.826    1.451   -0.165    0.625
 2.57785    0.045    0.832    1.472   -0.166    0.640
 2.60363    0.045    0.840    1.496   -0.168    0.656
 2.62967    0.045    0.847    1.518   -0.169    0.671
 2.65597    0.045    0.855    1.542   -0.170    0.687
 2.68253    0.044    0.864    1.566   -0.172    0.702
 2.70935    0.044    0.874    1.590   -0.173    0.716
 2.73644    0.044    0.882    1.613   -0.175    0.731
 2.76381    0.044    0.892    1.638   -0.176    0.746
 2.79145    0.044    0.902    1.663   -0.177    0.761
 2.81936    0.044    0.910    1.685   -0.178    0.775
 2.84755    0.043    0.920    1.709   -0.179    0.789
 2.87603    0.043    0.930    1.733   -0.180    0.803
 2.90479    0.043    0.941    1.758   -0.180    0.817
 2.93384    0.043    0.952    1.783   -0.181    0.831
 2.96318    0.043    0.963    1.808   -0.182    0.845
 2.99281    0.043    0.973    1.833   -0.182    0.860
