   z       f1     W1-W2   W1-W3  W3-W4   W2-W3 
 0.00050    1.000   -0.000   -0.000   -0.000   -0.000
 0.00100    1.000    0.000    0.001   -0.001    0.001
 0.00150    0.998    0.002   -0.001   -0.002   -0.003
 0.00200    0.995    0.000    0.000   -0.004   -0.000
 0.00250    0.995    0.005    0.001   -0.006   -0.004
 0.00300    0.993    0.003    0.000   -0.006   -0.003
 0.00350    0.991    0.003   -0.002   -0.008   -0.005
 0.00400    0.991    0.005    0.000   -0.009   -0.005
 0.00450    0.989    0.004   -0.002   -0.010   -0.006
 0.00500    0.987    0.006   -0.002   -0.011   -0.008
 0.00550    0.986    0.006   -0.002   -0.012   -0.008
 0.00600    0.984    0.007   -0.001   -0.014   -0.008
 0.00650    0.983    0.007   -0.002   -0.016   -0.009
 0.00700    0.981    0.008   -0.002   -0.017   -0.010
 0.00750    0.980    0.008   -0.003   -0.018   -0.011
 0.00800    0.979    0.009   -0.002   -0.019   -0.011
 0.00850    0.977    0.010   -0.003   -0.020   -0.013
 0.00900    0.975    0.009   -0.004   -0.021   -0.013
 0.00950    0.974    0.011   -0.003   -0.023   -0.014
 0.01000    0.973    0.011   -0.004   -0.024   -0.015
 0.01050    0.971    0.011   -0.005   -0.025   -0.016
 0.01100    0.970    0.012   -0.004   -0.027   -0.016
 0.01150    0.969    0.013   -0.004   -0.028   -0.017
 0.01200    0.967    0.013   -0.005   -0.029   -0.018
 0.01250    0.966    0.014   -0.005   -0.030   -0.019
 0.01300    0.964    0.015   -0.005   -0.031   -0.020
 0.01350    0.963    0.015   -0.006   -0.033   -0.021
 0.01400    0.961    0.015   -0.007   -0.034   -0.022
 0.01450    0.960    0.016   -0.006   -0.035   -0.022
 0.01500    0.959    0.017   -0.006   -0.036   -0.023
 0.01550    0.957    0.017   -0.008   -0.037   -0.025
 0.01600    0.956    0.018   -0.006   -0.039   -0.024
 0.01650    0.955    0.019   -0.007   -0.040   -0.026
 0.01700    0.953    0.019   -0.007   -0.041   -0.026
 0.01750    0.952    0.020   -0.008   -0.042   -0.028
 0.01800    0.951    0.020   -0.008   -0.044   -0.028
 0.01850    0.949    0.021   -0.008   -0.045   -0.029
 0.01900    0.948    0.022   -0.008   -0.046   -0.030
 0.01950    0.947    0.022   -0.008   -0.048   -0.030
 0.02000    0.946    0.023   -0.008   -0.049   -0.031
 0.02050    0.944    0.024   -0.008   -0.050   -0.032
 0.02100    0.943    0.024   -0.009   -0.051   -0.033
 0.02150    0.941    0.025   -0.009   -0.052   -0.034
 0.02200    0.940    0.025   -0.009   -0.054   -0.034
 0.02250    0.939    0.026   -0.009   -0.055   -0.035
 0.02300    0.938    0.027   -0.009   -0.057   -0.036
 0.02350    0.936    0.027   -0.010   -0.058   -0.037
 0.02400    0.935    0.028   -0.009   -0.059   -0.037
 0.02450    0.934    0.029   -0.009   -0.060   -0.038
 0.02500    0.932    0.029   -0.010   -0.061   -0.039
 0.02550    0.931    0.030   -0.010   -0.062   -0.040
 0.02600    0.930    0.031   -0.010   -0.064   -0.041
 0.02650    0.928    0.031   -0.010   -0.065   -0.041
 0.02700    0.927    0.032   -0.011   -0.066   -0.043
 0.02750    0.926    0.032   -0.011   -0.067   -0.043
 0.02800    0.925    0.033   -0.010   -0.070   -0.043
 0.02850    0.923    0.034   -0.010   -0.070   -0.044
 0.02900    0.922    0.034   -0.012   -0.071   -0.046
 0.02950    0.921    0.035   -0.012   -0.072   -0.047
 0.03000    0.920    0.036   -0.011   -0.074   -0.047
 0.03050    0.918    0.036   -0.012   -0.075   -0.048
 0.03100    0.917    0.037   -0.012   -0.076   -0.049
 0.03150    0.916    0.037   -0.012   -0.078   -0.049
 0.03200    0.914    0.038   -0.011   -0.079   -0.049
 0.03250    0.913    0.038   -0.012   -0.080   -0.050
 0.03300    0.912    0.039   -0.012   -0.082   -0.051
 0.03350    0.911    0.040   -0.012   -0.083   -0.052
 0.03400    0.910    0.041   -0.013   -0.083   -0.054
 0.03450    0.908    0.041   -0.014   -0.084   -0.055
 0.03500    0.907    0.041   -0.014   -0.086   -0.055
 0.03550    0.906    0.042   -0.013   -0.088   -0.055
 0.03600    0.904    0.043   -0.013   -0.089   -0.056
 0.03650    0.903    0.043   -0.014   -0.090   -0.057
 0.03700    0.902    0.044   -0.014   -0.091   -0.058
 0.03750    0.901    0.045   -0.014   -0.092   -0.059
 0.03800    0.899    0.045   -0.015   -0.092   -0.060
 0.03850    0.898    0.046   -0.015   -0.094   -0.061
 0.03900    0.897    0.047   -0.014   -0.096   -0.061
 0.03950    0.896    0.047   -0.015   -0.097   -0.062
 0.04000    0.895    0.048   -0.015   -0.098   -0.063
 0.04050    0.893    0.049   -0.015   -0.099   -0.064
 0.04100    0.892    0.049   -0.016   -0.100   -0.065
 0.04150    0.891    0.050   -0.017   -0.100   -0.067
 0.04200    0.890    0.050   -0.017   -0.102   -0.067
 0.04250    0.888    0.051   -0.016   -0.104   -0.067
 0.04300    0.887    0.051   -0.017   -0.105   -0.068
 0.04350    0.886    0.052   -0.018   -0.105   -0.070
 0.04400    0.885    0.053   -0.017   -0.107   -0.070
 0.04450    0.884    0.054   -0.017   -0.108   -0.071
 0.04500    0.883    0.054   -0.018   -0.109   -0.072
 0.04550    0.881    0.055   -0.018   -0.109   -0.073
 0.04600    0.880    0.056   -0.018   -0.110   -0.074
 0.04650    0.879    0.056   -0.018   -0.112   -0.074
 0.04700    0.878    0.057   -0.019   -0.112   -0.076
 0.04750    0.877    0.057   -0.019   -0.114   -0.076
 0.04800    0.876    0.058   -0.019   -0.115   -0.077
 0.04850    0.874    0.059   -0.019   -0.115   -0.078
 0.04900    0.873    0.060   -0.019   -0.117   -0.079
 0.04950    0.872    0.060   -0.020   -0.117   -0.080
 0.05000    0.871    0.060   -0.020   -0.118   -0.080
 0.05050    0.870    0.062   -0.020   -0.119   -0.082
 0.05100    0.869    0.062   -0.020   -0.120   -0.082
 0.05150    0.867    0.062   -0.022   -0.121   -0.084
 0.05200    0.867    0.064   -0.021   -0.122   -0.085
 0.05250    0.865    0.064   -0.021   -0.123   -0.085
 0.05300    0.864    0.064   -0.022   -0.124   -0.086
 0.05350    0.863    0.066   -0.021   -0.124   -0.087
 0.05400    0.862    0.066   -0.021   -0.125   -0.087
 0.05450    0.860    0.066   -0.022   -0.126   -0.088
 0.05500    0.860    0.067   -0.023   -0.127   -0.090
 0.05550    0.858    0.068   -0.023   -0.127   -0.091
 0.05600    0.857    0.068   -0.023   -0.128   -0.091
 0.05650    0.856    0.070   -0.022   -0.129   -0.092
 0.05700    0.855    0.070   -0.023   -0.130   -0.093
 0.05750    0.854    0.070   -0.023   -0.131   -0.093
 0.05800    0.853    0.071   -0.025   -0.131   -0.096
 0.05850    0.852    0.072   -0.025   -0.132   -0.097
 0.05900    0.850    0.072   -0.025   -0.133   -0.097
 0.05950    0.850    0.073   -0.024   -0.134   -0.097
 0.06000    0.849    0.074   -0.025   -0.135   -0.099
 0.06050    0.847    0.074   -0.026   -0.135   -0.100
 0.06100    0.846    0.076   -0.024   -0.137   -0.100
 0.06150    0.845    0.076   -0.025   -0.137   -0.101
 0.06200    0.844    0.077   -0.026   -0.137   -0.103
 0.06250    0.843    0.077   -0.026   -0.139   -0.103
 0.06300    0.842    0.078   -0.025   -0.140   -0.103
 0.06350    0.841    0.079   -0.026   -0.140   -0.105
 0.06400    0.839    0.079   -0.027   -0.141   -0.106
 0.06450    0.839    0.080   -0.026   -0.142   -0.106
 0.06500    0.837    0.080   -0.027   -0.143   -0.107
 0.06550    0.836    0.081   -0.027   -0.144   -0.108
 0.06600    0.835    0.082   -0.027   -0.144   -0.109
 0.06650    0.834    0.082   -0.028   -0.145   -0.110
 0.06700    0.833    0.083   -0.028   -0.146   -0.111
 0.06750    0.832    0.084   -0.028   -0.146   -0.112
 0.06800    0.831    0.085   -0.028   -0.148   -0.113
 0.06850    0.830    0.085   -0.028   -0.149   -0.113
 0.06900    0.829    0.086   -0.028   -0.149   -0.114
 0.06950    0.828    0.086   -0.029   -0.151   -0.115
 0.07000    0.827    0.087   -0.028   -0.152   -0.115
 0.07050    0.826    0.088   -0.029   -0.152   -0.117
 0.07100    0.825    0.088   -0.030   -0.152   -0.118
 0.07150    0.823    0.089   -0.030   -0.154   -0.119
 0.07200    0.823    0.090   -0.029   -0.155   -0.119
 0.07250    0.822    0.090   -0.030   -0.155   -0.120
 0.07300    0.820    0.091   -0.030   -0.156   -0.121
 0.07350    0.820    0.092   -0.029   -0.158   -0.121
 0.07400    0.819    0.093   -0.029   -0.158   -0.122
 0.07450    0.818    0.093   -0.031   -0.158   -0.124
 0.07500    0.817    0.094   -0.030   -0.160   -0.124
 0.07550    0.816    0.095   -0.030   -0.160   -0.125
 0.07600    0.814    0.095   -0.030   -0.162   -0.125
 0.07650    0.814    0.096   -0.030   -0.162   -0.126
 0.07700    0.813    0.097   -0.030   -0.164   -0.127
 0.07750    0.811    0.097   -0.030   -0.165   -0.127
 0.07800    0.811    0.098   -0.031   -0.165   -0.129
 0.07850    0.809    0.099   -0.031   -0.166   -0.130
 0.07900    0.808    0.099   -0.031   -0.166   -0.130
 0.07950    0.808    0.100   -0.031   -0.168   -0.131
 0.08000    0.806    0.101   -0.030   -0.169   -0.131
 0.08050    0.805    0.101   -0.031   -0.170   -0.132
 0.08100    0.805    0.102   -0.031   -0.171   -0.133
 0.08150    0.803    0.103   -0.030   -0.172   -0.133
 0.08200    0.802    0.103   -0.031   -0.173   -0.134
 0.08250    0.802    0.104   -0.031   -0.173   -0.135
 0.08300    0.801    0.106   -0.030   -0.175   -0.136
 0.08350    0.800    0.106   -0.030   -0.176   -0.136
 0.08400    0.799    0.106   -0.030   -0.177   -0.136
 0.08450    0.798    0.107   -0.031   -0.177   -0.138
 0.08500    0.797    0.107   -0.031   -0.178   -0.138
 0.08550    0.796    0.109   -0.030   -0.179   -0.139
 0.08600    0.795    0.109   -0.030   -0.180   -0.139
 0.08650    0.794    0.110   -0.031   -0.181   -0.141
 0.08700    0.793    0.110   -0.031   -0.182   -0.141
 0.08750    0.792    0.111   -0.031   -0.183   -0.142
 0.08800    0.791    0.112   -0.031   -0.184   -0.143
 0.08850    0.790    0.113   -0.030   -0.184   -0.143
 0.08900    0.789    0.113   -0.031   -0.185   -0.144
 0.08950    0.788    0.114   -0.030   -0.187   -0.144
 0.09000    0.787    0.115   -0.030   -0.188   -0.145
 0.09050    0.786    0.115   -0.030   -0.190   -0.145
 0.09100    0.785    0.116   -0.031   -0.189   -0.147
 0.09150    0.785    0.117   -0.030   -0.190   -0.147
 0.09200    0.783    0.117   -0.031   -0.191   -0.148
 0.09250    0.782    0.118   -0.030   -0.193   -0.148
 0.09300    0.782    0.119   -0.030   -0.194   -0.149
 0.09350    0.780    0.120   -0.030   -0.195   -0.150
 0.09400    0.780    0.120   -0.030   -0.196   -0.150
 0.09450    0.779    0.121   -0.030   -0.197   -0.151
 0.09500    0.778    0.121   -0.031   -0.197   -0.152
 0.09550    0.777    0.122   -0.031   -0.198   -0.153
 0.09600    0.776    0.123   -0.030   -0.200   -0.153
 0.09650    0.775    0.123   -0.030   -0.200   -0.153
 0.09700    0.774    0.124   -0.030   -0.201   -0.154
 0.09750    0.773    0.125   -0.029   -0.203   -0.154
 0.09800    0.772    0.126   -0.029   -0.204   -0.155
 0.09850    0.771    0.126   -0.030   -0.204   -0.156
 0.09900    0.770    0.127   -0.030   -0.204   -0.157
 0.09950    0.769    0.128   -0.029   -0.206   -0.157
 0.10000    0.769    0.128   -0.029   -0.207   -0.157
 0.10050    0.768    0.129   -0.030   -0.207   -0.159
 0.10100    0.767    0.130   -0.029   -0.208   -0.159
 0.10150    0.766    0.131   -0.028   -0.210   -0.159
 0.10200    0.765    0.131   -0.029   -0.211   -0.160
 0.10250    0.764    0.132   -0.029   -0.212   -0.161
 0.10300    0.763    0.133   -0.028   -0.213   -0.161
 0.10350    0.762    0.134   -0.028   -0.213   -0.162
 0.10400    0.761    0.134   -0.030   -0.213   -0.164
 0.10450    0.760    0.135   -0.029   -0.214   -0.164
 0.10500    0.760    0.136   -0.028   -0.215   -0.164
 0.10550    0.759    0.136   -0.029   -0.216   -0.165
 0.10600    0.758    0.137   -0.028   -0.218   -0.165
 0.10650    0.757    0.138   -0.027   -0.218   -0.165
 0.10700    0.756    0.139   -0.028   -0.219   -0.167
 0.10750    0.755    0.139   -0.029   -0.219   -0.168
 0.10800    0.754    0.139   -0.029   -0.220   -0.168
 0.10850    0.753    0.141   -0.028   -0.220   -0.169
 0.10900    0.752    0.141   -0.029   -0.221   -0.170
 0.10950    0.752    0.142   -0.028   -0.223   -0.170
 0.11000    0.751    0.142   -0.028   -0.223   -0.170
 0.11050    0.750    0.143   -0.029   -0.223   -0.172
 0.11100    0.749    0.144   -0.028   -0.224   -0.172
 0.11150    0.748    0.145   -0.028   -0.225   -0.173
 0.11200    0.747    0.145   -0.029   -0.225   -0.174
 0.11250    0.746    0.146   -0.028   -0.226   -0.174
 0.11300    0.746    0.147   -0.028   -0.227   -0.175
 0.11350    0.745    0.148   -0.027   -0.228   -0.175
 0.11400    0.744    0.148   -0.028   -0.228   -0.176
 0.11450    0.743    0.149   -0.028   -0.229   -0.177
 0.11500    0.742    0.150   -0.027   -0.230   -0.177
 0.11550    0.741    0.151   -0.028   -0.229   -0.179
 0.11600    0.740    0.151   -0.028   -0.230   -0.179
 0.11650    0.739    0.152   -0.027   -0.232   -0.179
 0.11700    0.739    0.153   -0.027   -0.232   -0.180
 0.11750    0.738    0.153   -0.028   -0.233   -0.181
 0.11800    0.737    0.155   -0.027   -0.233   -0.182
 0.11850    0.736    0.155   -0.027   -0.234   -0.182
 0.11900    0.735    0.155   -0.028   -0.235   -0.183
 0.11950    0.734    0.156   -0.028   -0.235   -0.184
 0.12000    0.733    0.157   -0.027   -0.236   -0.184
 0.12050    0.733    0.158   -0.027   -0.236   -0.185
 0.12100    0.732    0.158   -0.028   -0.237   -0.186
 0.12150    0.731    0.158   -0.028   -0.238   -0.186
 0.12200    0.730    0.160   -0.026   -0.239   -0.186
 0.12250    0.729    0.160   -0.027   -0.239   -0.187
 0.12300    0.728    0.160   -0.028   -0.240   -0.188
 0.12350    0.728    0.162   -0.026   -0.241   -0.188
 0.12400    0.727    0.163   -0.026   -0.241   -0.189
 0.12450    0.726    0.164   -0.027   -0.242   -0.191
 0.12500    0.725    0.163   -0.027   -0.242   -0.190
 0.12550    0.724    0.163   -0.027   -0.243   -0.190
 0.12600    0.723    0.164   -0.027   -0.244   -0.191
 0.12650    0.722    0.166   -0.026   -0.244   -0.192
 0.12700    0.722    0.167   -0.025   -0.246   -0.192
 0.12750    0.720    0.167   -0.026   -0.246   -0.193
 0.12800    0.720    0.168   -0.027   -0.246   -0.195
 0.12850    0.719    0.168   -0.027   -0.247   -0.195
 0.12900    0.718    0.169   -0.026   -0.248   -0.195
 0.12950    0.717    0.170   -0.025   -0.249   -0.195
 0.13000    0.716    0.170   -0.027   -0.249   -0.197
 0.13050    0.715    0.171   -0.026   -0.250   -0.197
 0.13100    0.715    0.172   -0.025   -0.251   -0.197
 0.13150    0.714    0.173   -0.025   -0.251   -0.198
 0.13200    0.713    0.172   -0.027   -0.252   -0.199
 0.13250    0.712    0.174   -0.025   -0.253   -0.199
 0.13300    0.712    0.174   -0.026   -0.253   -0.200
 0.13350    0.711    0.175   -0.026   -0.254   -0.201
 0.13400    0.710    0.175   -0.026   -0.255   -0.201
 0.13450    0.709    0.176   -0.026   -0.255   -0.202
 0.13500    0.708    0.177   -0.025   -0.256   -0.202
 0.13550    0.707    0.177   -0.025   -0.257   -0.202
 0.13600    0.706    0.178   -0.025   -0.257   -0.203
 0.13650    0.706    0.179   -0.025   -0.258   -0.204
 0.13700    0.705    0.180   -0.025   -0.258   -0.205
 0.13750    0.704    0.180   -0.025   -0.259   -0.205
 0.13800    0.703    0.180   -0.026   -0.259   -0.206
 0.13850    0.702    0.182   -0.024   -0.260   -0.206
 0.13900    0.702    0.182   -0.024   -0.262   -0.206
 0.13950    0.701    0.183   -0.024   -0.262   -0.207
 0.14000    0.700    0.183   -0.024   -0.262   -0.207
 0.14050    0.699    0.184   -0.025   -0.262   -0.209
 0.14100    0.699    0.185   -0.024   -0.263   -0.209
 0.14150    0.697    0.185   -0.025   -0.263   -0.210
 0.14200    0.696    0.186   -0.024   -0.264   -0.210
 0.14250    0.696    0.187   -0.023   -0.265   -0.210
 0.14300    0.695    0.187   -0.024   -0.266   -0.211
 0.14350    0.694    0.188   -0.024   -0.266   -0.212
 0.14400    0.693    0.188   -0.024   -0.266   -0.212
 0.14450    0.693    0.189   -0.024   -0.266   -0.213
 0.14500    0.692    0.190   -0.024   -0.267   -0.214
 0.14550    0.691    0.190   -0.025   -0.267   -0.215
 0.14600    0.690    0.191   -0.023   -0.268   -0.214
 0.14650    0.689    0.192   -0.023   -0.268   -0.215
 0.14700    0.689    0.193   -0.022   -0.269   -0.215
 0.14750    0.688    0.193   -0.023   -0.269   -0.216
 0.14800    0.687    0.193   -0.024   -0.269   -0.217
 0.14850    0.686    0.194   -0.024   -0.269   -0.218
 0.14900    0.686    0.195   -0.024   -0.270   -0.219
 0.14950    0.684    0.195   -0.023   -0.271   -0.218
 0.15000    0.684    0.196   -0.023   -0.271   -0.219
 0.15050    0.683    0.197   -0.022   -0.271   -0.219
 0.15100    0.682    0.198   -0.022   -0.272   -0.220
 0.15150    0.681    0.198   -0.023   -0.272   -0.221
 0.15200    0.680    0.198   -0.023   -0.272   -0.221
 0.15250    0.680    0.199   -0.024   -0.272   -0.223
 0.15300    0.679    0.200   -0.022   -0.273   -0.222
 0.15350    0.678    0.200   -0.023   -0.273   -0.223
 0.15400    0.677    0.200   -0.024   -0.274   -0.224
 0.15450    0.676    0.201   -0.023   -0.274   -0.224
 0.15500    0.676    0.202   -0.023   -0.274   -0.225
 0.15550    0.675    0.202   -0.023   -0.274   -0.225
 0.15600    0.674    0.202   -0.024   -0.275   -0.226
 0.15650    0.673    0.203   -0.022   -0.276   -0.225
 0.15700    0.672    0.204   -0.023   -0.275   -0.227
 0.15750    0.671    0.204   -0.023   -0.276   -0.227
 0.15800    0.670    0.204   -0.024   -0.276   -0.228
 0.15850    0.670    0.205   -0.023   -0.276   -0.228
 0.15900    0.669    0.206   -0.023   -0.277   -0.229
 0.15950    0.668    0.206   -0.023   -0.277   -0.229
 0.16000    0.667    0.206   -0.023   -0.277   -0.229
 0.16050    0.667    0.208   -0.022   -0.278   -0.230
 0.16100    0.666    0.208   -0.023   -0.277   -0.231
 0.16150    0.665    0.209   -0.022   -0.277   -0.231
 0.16200    0.664    0.209   -0.023   -0.277   -0.232
 0.16250    0.663    0.210   -0.022   -0.278   -0.232
 0.16300    0.663    0.210   -0.023   -0.278   -0.233
 0.16350    0.662    0.211   -0.022   -0.278   -0.233
 0.16400    0.661    0.211   -0.023   -0.278   -0.234
 0.16450    0.660    0.212   -0.023   -0.278   -0.235
 0.16500    0.659    0.212   -0.024   -0.277   -0.236
 0.16550    0.659    0.213   -0.024   -0.277   -0.237
 0.16600    0.658    0.214   -0.023   -0.278   -0.237
 0.16650    0.657    0.214   -0.023   -0.278   -0.237
 0.16700    0.656    0.214   -0.023   -0.278   -0.237
 0.16750    0.655    0.215   -0.023   -0.278   -0.238
 0.16800    0.655    0.215   -0.024   -0.278   -0.239
 0.16850    0.654    0.215   -0.024   -0.278   -0.239
 0.16900    0.653    0.216   -0.024   -0.277   -0.240
 0.16950    0.652    0.217   -0.024   -0.277   -0.241
 0.17000    0.652    0.218   -0.024   -0.277   -0.242
 0.17050    0.651    0.217   -0.025   -0.276   -0.242
 0.17100    0.650    0.218   -0.025   -0.276   -0.243
 0.17150    0.649    0.218   -0.025   -0.277   -0.243
 0.17200    0.648    0.219   -0.024   -0.277   -0.243
 0.17250    0.647    0.219   -0.024   -0.276   -0.243
 0.17300    0.647    0.220   -0.025   -0.275   -0.245
 0.17350    0.646    0.220   -0.026   -0.274   -0.246
 0.17400    0.645    0.221   -0.025   -0.274   -0.246
 0.17450    0.644    0.221   -0.026   -0.273   -0.247
 0.17500    0.643    0.221   -0.026   -0.273   -0.247
 0.17550    0.642    0.221   -0.026   -0.273   -0.247
 0.17600    0.642    0.223   -0.025   -0.273   -0.248
 0.17650    0.641    0.223   -0.026   -0.272   -0.249
 0.17700    0.640    0.223   -0.026   -0.272   -0.249
 0.17750    0.639    0.223   -0.027   -0.270   -0.250
 0.17800    0.639    0.225   -0.026   -0.269   -0.251
 0.17850    0.638    0.224   -0.028   -0.268   -0.252
 0.17900    0.637    0.225   -0.027   -0.269   -0.252
 0.17950    0.636    0.225   -0.027   -0.268   -0.252
 0.18000    0.636    0.226   -0.027   -0.267   -0.253
 0.18050    0.635    0.226   -0.028   -0.266   -0.254
 0.18100    0.634    0.227   -0.027   -0.266   -0.254
 0.18150    0.633    0.227   -0.029   -0.264   -0.256
 0.18200    0.632    0.227   -0.030   -0.263   -0.257
 0.18250    0.632    0.228   -0.028   -0.263   -0.256
 0.18300    0.631    0.228   -0.029   -0.262   -0.257
 0.18350    0.630    0.228   -0.030   -0.261   -0.258
 0.18400    0.629    0.229   -0.029   -0.261   -0.258
 0.18450    0.629    0.230   -0.029   -0.260   -0.259
 0.18500    0.628    0.230   -0.030   -0.259   -0.260
 0.18550    0.626    0.230   -0.032   -0.257   -0.262
 0.18600    0.626    0.230   -0.032   -0.257   -0.262
 0.18650    0.625    0.231   -0.031   -0.256   -0.262
 0.18700    0.624    0.231   -0.032   -0.255   -0.263
 0.18750    0.624    0.231   -0.032   -0.254   -0.263
 0.18800    0.622    0.231   -0.033   -0.253   -0.264
 0.18850    0.622    0.232   -0.033   -0.253   -0.265
 0.18900    0.621    0.232   -0.033   -0.252   -0.265
 0.18950    0.620    0.232   -0.034   -0.250   -0.266
 0.19000    0.619    0.232   -0.035   -0.249   -0.267
 0.19050    0.619    0.233   -0.035   -0.249   -0.268
 0.19100    0.618    0.233   -0.035   -0.248   -0.268
 0.19150    0.617    0.233   -0.036   -0.246   -0.269
 0.19200    0.616    0.233   -0.037   -0.245   -0.270
 0.19250    0.616    0.234   -0.036   -0.244   -0.270
 0.19300    0.615    0.235   -0.036   -0.244   -0.271
 0.19350    0.614    0.235   -0.036   -0.242   -0.271
 0.19400    0.613    0.234   -0.039   -0.240   -0.273
 0.19450    0.612    0.235   -0.038   -0.240   -0.273
 0.19500    0.612    0.236   -0.038   -0.239   -0.274
 0.19550    0.611    0.236   -0.039   -0.237   -0.275
 0.19600    0.610    0.236   -0.039   -0.236   -0.275
 0.19650    0.609    0.236   -0.039   -0.236   -0.275
 0.19700    0.608    0.237   -0.039   -0.234   -0.276
 0.19750    0.608    0.237   -0.040   -0.233   -0.277
 0.19800    0.607    0.237   -0.041   -0.231   -0.278
 0.19850    0.606    0.237   -0.042   -0.230   -0.279
 0.19900    0.605    0.237   -0.042   -0.229   -0.279
 0.19950    0.605    0.238   -0.042   -0.228   -0.280
 0.20000    0.604    0.238   -0.042   -0.227   -0.280
 0.20050    0.603    0.238   -0.043   -0.226   -0.281
 0.20100    0.602    0.238   -0.044   -0.225   -0.282
 0.20150    0.601    0.239   -0.044   -0.223   -0.283
 0.20200    0.600    0.239   -0.045   -0.221   -0.284
 0.20250    0.600    0.239   -0.045   -0.221   -0.284
 0.20300    0.599    0.239   -0.046   -0.219   -0.285
 0.20350    0.598    0.239   -0.047   -0.218   -0.286
 0.20400    0.597    0.239   -0.047   -0.217   -0.286
 0.20450    0.596    0.239   -0.048   -0.216   -0.287
 0.20500    0.595    0.239   -0.048   -0.216   -0.287
 0.20550    0.594    0.239   -0.048   -0.214   -0.287
 0.20600    0.594    0.239   -0.050   -0.212   -0.289
 0.20650    0.593    0.240   -0.049   -0.211   -0.289
 0.20700    0.592    0.240   -0.050   -0.210   -0.290
 0.20750    0.591    0.240   -0.051   -0.209   -0.291
 0.20800    0.591    0.240   -0.051   -0.208   -0.291
 0.20850    0.590    0.241   -0.050   -0.208   -0.291
 0.20900    0.589    0.241   -0.050   -0.207   -0.291
 0.20950    0.588    0.240   -0.052   -0.206   -0.292
 0.21000    0.588    0.241   -0.051   -0.205   -0.292
 0.21050    0.587    0.242   -0.052   -0.204   -0.294
 0.21100    0.586    0.241   -0.053   -0.202   -0.294
 0.21150    0.585    0.241   -0.054   -0.201   -0.295
 0.21200    0.584    0.241   -0.054   -0.202   -0.295
 0.21250    0.584    0.241   -0.054   -0.201   -0.295
 0.21300    0.583    0.242   -0.054   -0.200   -0.296
 0.21350    0.582    0.242   -0.054   -0.199   -0.296
 0.21400    0.581    0.242   -0.055   -0.198   -0.297
 0.21450    0.580    0.242   -0.056   -0.197   -0.298
 0.21500    0.580    0.242   -0.057   -0.195   -0.299
 0.21550    0.579    0.243   -0.056   -0.195   -0.299
 0.21600    0.578    0.242   -0.057   -0.195   -0.299
 0.21650    0.577    0.242   -0.058   -0.194   -0.300
 0.21700    0.577    0.243   -0.057   -0.193   -0.300
 0.21750    0.576    0.242   -0.059   -0.192   -0.301
 0.21800    0.574    0.241   -0.060   -0.192   -0.301
 0.21850    0.574    0.242   -0.061   -0.190   -0.303
 0.21900    0.573    0.242   -0.060   -0.190   -0.302
 0.21950    0.572    0.242   -0.061   -0.189   -0.303
 0.22000    0.571    0.241   -0.062   -0.188   -0.303
 0.22050    0.571    0.242   -0.061   -0.188   -0.303
 0.22100    0.570    0.242   -0.062   -0.187   -0.304
 0.22150    0.569    0.241   -0.064   -0.186   -0.305
 0.22200    0.568    0.242   -0.063   -0.186   -0.305
 0.22250    0.567    0.242   -0.064   -0.185   -0.306
 0.22300    0.566    0.241   -0.065   -0.184   -0.306
 0.22350    0.565    0.241   -0.066   -0.183   -0.307
 0.22400    0.565    0.242   -0.065   -0.184   -0.307
 0.22450    0.564    0.241   -0.067   -0.183   -0.308
 0.22500    0.563    0.241   -0.067   -0.181   -0.308
 0.22550    0.562    0.242   -0.067   -0.181   -0.309
 0.22600    0.562    0.242   -0.067   -0.180   -0.309
 0.22650    0.561    0.241   -0.068   -0.180   -0.309
 0.22700    0.560    0.241   -0.069   -0.179   -0.310
 0.22750    0.559    0.241   -0.070   -0.178   -0.311
 0.22800    0.558    0.241   -0.071   -0.177   -0.312
 0.22850    0.558    0.242   -0.070   -0.177   -0.312
 0.22900    0.557    0.242   -0.070   -0.176   -0.312
 0.22950    0.556    0.242   -0.071   -0.176   -0.313
 0.23000    0.555    0.241   -0.073   -0.175   -0.314
 0.23050    0.555    0.242   -0.072   -0.175   -0.314
 0.23100    0.554    0.242   -0.073   -0.174   -0.315
 0.23150    0.553    0.242   -0.074   -0.172   -0.316
 0.23200    0.552    0.242   -0.074   -0.172   -0.316
 0.23250    0.552    0.242   -0.074   -0.172   -0.316
 0.23300    0.551    0.242   -0.075   -0.171   -0.317
 0.23350    0.550    0.242   -0.075   -0.170   -0.317
 0.23400    0.549    0.242   -0.076   -0.169   -0.318
 0.23450    0.548    0.242   -0.076   -0.169   -0.318
 0.23500    0.547    0.241   -0.079   -0.167   -0.320
 0.23550    0.547    0.242   -0.078   -0.167   -0.320
 0.23600    0.546    0.241   -0.079   -0.167   -0.320
 0.23650    0.545    0.241   -0.080   -0.166   -0.321
 0.23700    0.544    0.241   -0.081   -0.165   -0.322
 0.23750    0.544    0.241   -0.081   -0.165   -0.322
 0.23800    0.543    0.242   -0.080   -0.164   -0.322
 0.23850    0.542    0.241   -0.081   -0.163   -0.322
 0.23900    0.541    0.241   -0.083   -0.162   -0.324
 0.23950    0.540    0.241   -0.083   -0.162   -0.324
 0.24000    0.540    0.241   -0.084   -0.160   -0.325
 0.24050    0.539    0.241   -0.084   -0.160   -0.325
 0.24100    0.538    0.240   -0.086   -0.159   -0.326
 0.24150    0.537    0.241   -0.085   -0.159   -0.326
 0.24200    0.536    0.241   -0.085   -0.158   -0.326
 0.24250    0.536    0.240   -0.086   -0.158   -0.326
 0.24300    0.535    0.241   -0.087   -0.157   -0.328
 0.24350    0.534    0.241   -0.088   -0.156   -0.329
 0.24400    0.533    0.240   -0.089   -0.156   -0.329
 0.24450    0.533    0.241   -0.088   -0.155   -0.329
 0.24500    0.532    0.240   -0.090   -0.154   -0.330
 0.24550    0.531    0.240   -0.090   -0.154   -0.330
 0.24600    0.530    0.240   -0.091   -0.154   -0.331
 0.24650    0.530    0.241   -0.090   -0.154   -0.331
 0.24700    0.529    0.239   -0.091   -0.153   -0.330
 0.24750    0.528    0.240   -0.093   -0.152   -0.333
 0.24800    0.527    0.240   -0.093   -0.151   -0.333
 0.24850    0.527    0.239   -0.093   -0.151   -0.332
 0.24900    0.526    0.240   -0.094   -0.151   -0.334
 0.24950    0.525    0.239   -0.094   -0.151   -0.333
 0.25000    0.525    0.239   -0.094   -0.150   -0.333
 0.25050    0.524    0.240   -0.096   -0.150   -0.336
 0.25100    0.523    0.239   -0.096   -0.149   -0.335
 0.25150    0.522    0.240   -0.098   -0.148   -0.338
 0.25200    0.521    0.239   -0.098   -0.148   -0.337
 0.25250    0.521    0.238   -0.098   -0.149   -0.336
 0.25300    0.520    0.240   -0.099   -0.147   -0.339
 0.25350    0.519    0.238   -0.100   -0.148   -0.338
 0.25400    0.518    0.238   -0.100   -0.147   -0.338
 0.25450    0.517    0.239   -0.100   -0.147   -0.339
 0.25500    0.517    0.239   -0.101   -0.146   -0.340
 0.25550    0.516    0.238   -0.103   -0.146   -0.341
 0.25600    0.515    0.238   -0.103   -0.146   -0.341
 0.25650    0.514    0.238   -0.103   -0.146   -0.341
 0.25700    0.514    0.238   -0.103   -0.146   -0.341
 0.25750    0.513    0.238   -0.104   -0.146   -0.342
 0.25800    0.512    0.238   -0.105   -0.145   -0.343
 0.25850    0.512    0.238   -0.105   -0.145   -0.343
 0.25900    0.511    0.238   -0.105   -0.145   -0.343
 0.25950    0.510    0.238   -0.106   -0.144   -0.344
 0.26000    0.510    0.237   -0.107   -0.144   -0.344
 0.26050    0.509    0.237   -0.108   -0.144   -0.345
 0.26100    0.508    0.237   -0.108   -0.144   -0.345
 0.26150    0.507    0.237   -0.109   -0.144   -0.346
 0.26200    0.507    0.237   -0.109   -0.144   -0.346
 0.26250    0.506    0.237   -0.110   -0.144   -0.347
 0.26300    0.505    0.236   -0.111   -0.144   -0.347
 0.26350    0.504    0.236   -0.112   -0.144   -0.348
 0.26400    0.504    0.236   -0.112   -0.143   -0.348
 0.26450    0.503    0.236   -0.112   -0.143   -0.348
 0.26500    0.503    0.236   -0.113   -0.143   -0.349
 0.26550    0.502    0.235   -0.115   -0.143   -0.350
 0.26600    0.501    0.235   -0.115   -0.143   -0.350
 0.26650    0.500    0.235   -0.115   -0.143   -0.350
 0.26700    0.500    0.235   -0.116   -0.143   -0.351
 0.26750    0.499    0.234   -0.117   -0.143   -0.351
 0.26800    0.498    0.235   -0.118   -0.142   -0.353
 0.26850    0.497    0.235   -0.118   -0.142   -0.353
 0.26900    0.496    0.234   -0.119   -0.143   -0.353
 0.26950    0.495    0.233   -0.121   -0.143   -0.354
 0.27000    0.495    0.234   -0.120   -0.143   -0.354
 0.27050    0.495    0.234   -0.121   -0.143   -0.355
 0.27100    0.494    0.233   -0.122   -0.143   -0.355
 0.27150    0.493    0.233   -0.123   -0.143   -0.356
 0.27200    0.492    0.233   -0.124   -0.142   -0.357
 0.27250    0.492    0.233   -0.124   -0.142   -0.357
 0.27300    0.491    0.232   -0.126   -0.143   -0.358
 0.27350    0.490    0.233   -0.125   -0.143   -0.358
 0.27400    0.489    0.232   -0.127   -0.142   -0.359
 0.27450    0.489    0.232   -0.127   -0.142   -0.359
 0.27500    0.488    0.232   -0.127   -0.143   -0.359
 0.27550    0.487    0.232   -0.128   -0.143   -0.360
 0.27600    0.486    0.231   -0.130   -0.142   -0.361
 0.27650    0.486    0.232   -0.130   -0.142   -0.362
 0.27700    0.485    0.231   -0.132   -0.141   -0.363
 0.27750    0.484    0.230   -0.133   -0.141   -0.363
 0.27800    0.484    0.231   -0.132   -0.141   -0.363
 0.27850    0.483    0.231   -0.133   -0.142   -0.364
 0.27900    0.483    0.230   -0.134   -0.142   -0.364
 0.27950    0.481    0.229   -0.135   -0.142   -0.364
 0.28000    0.481    0.230   -0.135   -0.141   -0.365
 0.28050    0.480    0.230   -0.137   -0.140   -0.367
 0.28100    0.479    0.229   -0.138   -0.141   -0.367
 0.28150    0.479    0.230   -0.138   -0.141   -0.368
 0.28200    0.478    0.229   -0.139   -0.141   -0.368
 0.28250    0.477    0.228   -0.141   -0.141   -0.369
 0.28300    0.477    0.227   -0.142   -0.141   -0.369
 0.28350    0.476    0.229   -0.141   -0.141   -0.370
 0.28400    0.475    0.228   -0.142   -0.141   -0.370
 0.28450    0.474    0.226   -0.146   -0.140   -0.372
 0.28500    0.474    0.227   -0.146   -0.140   -0.373
 0.28550    0.473    0.227   -0.146   -0.140   -0.373
 0.28600    0.473    0.227   -0.146   -0.141   -0.373
 0.28650    0.472    0.226   -0.148   -0.141   -0.374
 0.28700    0.471    0.226   -0.148   -0.141   -0.374
 0.28750    0.470    0.226   -0.149   -0.140   -0.375
 0.28800    0.470    0.226   -0.150   -0.141   -0.376
 0.28850    0.469    0.225   -0.152   -0.140   -0.377
 0.28900    0.468    0.224   -0.154   -0.140   -0.378
 0.28950    0.467    0.224   -0.154   -0.140   -0.378
 0.29000    0.467    0.224   -0.154   -0.140   -0.378
 0.29050    0.466    0.224   -0.155   -0.140   -0.379
 0.29100    0.465    0.223   -0.157   -0.140   -0.380
 0.29150    0.465    0.224   -0.157   -0.140   -0.381
 0.29200    0.464    0.224   -0.158   -0.139   -0.382
 0.29250    0.464    0.224   -0.159   -0.140   -0.383
 0.29300    0.463    0.223   -0.160   -0.140   -0.383
 0.29350    0.462    0.222   -0.161   -0.140   -0.383
 0.29400    0.462    0.222   -0.162   -0.140   -0.384
 0.29450    0.461    0.223   -0.162   -0.139   -0.385
 0.29500    0.460    0.222   -0.163   -0.140   -0.385
 0.29550    0.459    0.221   -0.166   -0.139   -0.387
 0.29600    0.459    0.221   -0.166   -0.139   -0.387
 0.29650    0.459    0.221   -0.167   -0.139   -0.388
 0.29700    0.458    0.221   -0.167   -0.139   -0.388
 0.29750    0.457    0.220   -0.169   -0.139   -0.389
 0.29800    0.456    0.220   -0.170   -0.139   -0.390
 0.29850    0.456    0.220   -0.171   -0.139   -0.391
 0.29900    0.455    0.220   -0.171   -0.140   -0.391
 0.29950    0.454    0.220   -0.172   -0.139   -0.392
 0.30000    0.454    0.219   -0.173   -0.139   -0.392
 0.30050    0.453    0.218   -0.174   -0.140   -0.392
 0.30350    0.449    0.217   -0.180   -0.139   -0.397
 0.30654    0.445    0.214   -0.187   -0.140   -0.401
 0.30960    0.441    0.214   -0.191   -0.140   -0.405
 0.31270    0.437    0.211   -0.199   -0.140   -0.410
 0.31583    0.434    0.210   -0.204   -0.139   -0.414
 0.31898    0.429    0.207   -0.210   -0.140   -0.417
 0.32217    0.426    0.206   -0.215   -0.140   -0.421
 0.32540    0.422    0.204   -0.222   -0.139   -0.426
 0.32865    0.418    0.203   -0.228   -0.140   -0.431
 0.33194    0.414    0.199   -0.236   -0.142   -0.435
 0.33526    0.411    0.199   -0.240   -0.144   -0.439
 0.33861    0.406    0.194   -0.249   -0.146   -0.443
 0.34199    0.403    0.194   -0.254   -0.148   -0.448
 0.34541    0.399    0.190   -0.262   -0.151   -0.452
 0.34887    0.395    0.188   -0.269   -0.153   -0.457
 0.35236    0.391    0.187   -0.274   -0.157   -0.461
 0.35588    0.387    0.183   -0.283   -0.161   -0.466
 0.35944    0.383    0.180   -0.290   -0.165   -0.470
 0.36303    0.379    0.177   -0.297   -0.169   -0.474
 0.36666    0.375    0.175   -0.304   -0.172   -0.479
 0.37033    0.372    0.173   -0.310   -0.175   -0.483
 0.37403    0.368    0.169   -0.317   -0.180   -0.486
 0.37777    0.363    0.165   -0.325   -0.184   -0.490
 0.38155    0.360    0.163   -0.330   -0.190   -0.493
 0.38537    0.356    0.159   -0.338   -0.195   -0.497
 0.38922    0.352    0.156   -0.344   -0.201   -0.500
 0.39311    0.348    0.153   -0.351   -0.207   -0.504
 0.39705    0.344    0.150   -0.357   -0.215   -0.507
 0.40102    0.340    0.145   -0.366   -0.223   -0.511
 0.40503    0.336    0.142   -0.373   -0.231   -0.515
 0.40908    0.332    0.138   -0.380   -0.239   -0.518
 0.41317    0.328    0.134   -0.388   -0.247   -0.522
 0.41730    0.324    0.129   -0.397   -0.255   -0.526
 0.42147    0.320    0.123   -0.406   -0.262   -0.529
 0.42569    0.316    0.120   -0.412   -0.270   -0.532
 0.42994    0.313    0.116   -0.420   -0.275   -0.536
 0.43424    0.309    0.112   -0.428   -0.280   -0.540
 0.43858    0.305    0.108   -0.437   -0.285   -0.545
 0.44297    0.301    0.103   -0.446   -0.289   -0.549
 0.44740    0.297    0.098   -0.456   -0.294   -0.554
 0.45187    0.293    0.093   -0.466   -0.299   -0.559
 0.45639    0.289    0.088   -0.476   -0.303   -0.564
 0.46096    0.286    0.083   -0.486   -0.308   -0.569
 0.46557    0.282    0.077   -0.497   -0.314   -0.574
 0.47022    0.278    0.072   -0.506   -0.320   -0.578
 0.47492    0.274    0.067   -0.515   -0.328   -0.582
 0.47967    0.270    0.061   -0.524   -0.336   -0.585
 0.48447    0.267    0.056   -0.533   -0.344   -0.589
 0.48932    0.263    0.050   -0.541   -0.353   -0.591
 0.49421    0.259    0.043   -0.551   -0.362   -0.594
 0.49915    0.256    0.039   -0.557   -0.371   -0.596
 0.50414    0.252    0.033   -0.564   -0.380   -0.597
 0.50918    0.248    0.025   -0.573   -0.389   -0.598
 0.51428    0.245    0.019   -0.580   -0.398   -0.599
 0.51942    0.241    0.013   -0.586   -0.408   -0.599
 0.52461    0.237    0.007   -0.593   -0.419   -0.600
 0.52986    0.234    0.001   -0.599   -0.429   -0.600
 0.53516    0.231   -0.005   -0.605   -0.438   -0.600
 0.54051    0.227   -0.010   -0.610   -0.448   -0.600
 0.54591    0.224   -0.016   -0.616   -0.459   -0.600
 0.55137    0.221   -0.021   -0.621   -0.471   -0.600
 0.55689    0.218   -0.027   -0.626   -0.482   -0.599
 0.56246    0.215   -0.031   -0.629   -0.492   -0.598
 0.56808    0.212   -0.036   -0.633   -0.499   -0.597
 0.57376    0.209   -0.042   -0.637   -0.504   -0.595
 0.57950    0.207   -0.046   -0.639   -0.506   -0.593
 0.58529    0.204   -0.052   -0.644   -0.501   -0.592
 0.59115    0.201   -0.057   -0.647   -0.490   -0.590
 0.59706    0.198   -0.063   -0.650   -0.476   -0.587
 0.60303    0.195   -0.067   -0.652   -0.463   -0.585
 0.60906    0.193   -0.072   -0.654   -0.452   -0.582
 0.61515    0.190   -0.077   -0.656   -0.443   -0.579
 0.62130    0.188   -0.081   -0.657   -0.434   -0.576
 0.62751    0.185   -0.086   -0.659   -0.428   -0.573
 0.63379    0.183   -0.089   -0.660   -0.424   -0.571
 0.64013    0.180   -0.093   -0.661   -0.420   -0.568
 0.64653    0.178   -0.096   -0.662   -0.412   -0.566
 0.65299    0.176   -0.097   -0.661   -0.408   -0.564
 0.65952    0.174   -0.097   -0.660   -0.404   -0.563
 0.66612    0.172   -0.098   -0.660   -0.401   -0.562
 0.67278    0.170   -0.098   -0.659   -0.398   -0.561
 0.67951    0.168   -0.096   -0.657   -0.395   -0.561
 0.68630    0.166   -0.096   -0.657   -0.394   -0.561
 0.69317    0.164   -0.095   -0.656   -0.389   -0.561
 0.70010    0.162   -0.092   -0.655   -0.384   -0.563
 0.70710    0.160   -0.090   -0.653   -0.379   -0.563
 0.71417    0.158   -0.088   -0.651   -0.377   -0.563
 0.72131    0.156   -0.085   -0.650   -0.375   -0.565
 0.72852    0.155   -0.082   -0.649   -0.370   -0.567
 0.73581    0.153   -0.079   -0.648   -0.365   -0.569
 0.74317    0.151   -0.073   -0.646   -0.361   -0.573
 0.75060    0.149   -0.070   -0.645   -0.354   -0.575
 0.75810    0.148   -0.064   -0.643   -0.346   -0.579
 0.76569    0.146   -0.057   -0.641   -0.334   -0.584
 0.77334    0.144   -0.051   -0.639   -0.322   -0.588
 0.78108    0.142   -0.045   -0.638   -0.306   -0.593
 0.78889    0.141   -0.036   -0.636   -0.285   -0.600
 0.79678    0.139   -0.029   -0.634   -0.264   -0.605
 0.80474    0.137   -0.021   -0.633   -0.239   -0.612
 0.81279    0.136   -0.010   -0.631   -0.211   -0.621
 0.82092    0.134   -0.004   -0.630   -0.188   -0.626
 0.82913    0.133    0.005   -0.628   -0.174   -0.633
 0.83742    0.131    0.014   -0.626   -0.166   -0.640
 0.84579    0.129    0.023   -0.625   -0.160   -0.648
 0.85425    0.128    0.033   -0.622   -0.156   -0.655
 0.86279    0.126    0.043   -0.621   -0.156   -0.664
 0.87142    0.125    0.052   -0.619   -0.157   -0.671
 0.88014    0.123    0.061   -0.618   -0.163   -0.679
 0.88894    0.122    0.070   -0.618   -0.169   -0.688
 0.89783    0.120    0.080   -0.616   -0.171   -0.696
 0.90681    0.119    0.088   -0.617   -0.175   -0.705
 0.91587    0.117    0.097   -0.616   -0.176   -0.713
 0.92503    0.116    0.106   -0.616   -0.180   -0.722
 0.93428    0.115    0.117   -0.615   -0.179   -0.732
 0.94363    0.113    0.125   -0.616   -0.181   -0.741
 0.95306    0.112    0.135   -0.614   -0.189   -0.749
 0.96259    0.111    0.144   -0.613   -0.195   -0.757
 0.97222    0.109    0.155   -0.611   -0.203   -0.766
 0.98194    0.108    0.166   -0.607   -0.216   -0.773
 0.99176    0.107    0.176   -0.606   -0.230   -0.782
 1.00168    0.106    0.185   -0.602   -0.243   -0.787
 1.01169    0.105    0.196   -0.600   -0.263   -0.796
 1.02181    0.104    0.207   -0.596   -0.285   -0.803
 1.03203    0.102    0.218   -0.593   -0.307   -0.811
 1.04235    0.101    0.229   -0.589   -0.330   -0.818
 1.05277    0.100    0.240   -0.586   -0.353   -0.826
 1.06330    0.099    0.251   -0.581   -0.377   -0.832
 1.07393    0.098    0.263   -0.576   -0.398   -0.839
 1.08467    0.097    0.275   -0.571   -0.419   -0.846
 1.09552    0.096    0.287   -0.565   -0.441   -0.852
 1.10647    0.096    0.299   -0.560   -0.465   -0.859
 1.11754    0.095    0.311   -0.554   -0.491   -0.865
 1.12871    0.094    0.323   -0.548   -0.520   -0.871
 1.14000    0.093    0.336   -0.541   -0.548   -0.877
 1.15140    0.092    0.349   -0.534   -0.571   -0.883
 1.16292    0.092    0.361   -0.526   -0.592   -0.887
 1.17455    0.091    0.373   -0.517   -0.609   -0.890
 1.18629    0.090    0.387   -0.508   -0.626   -0.895
 1.19815    0.090    0.400   -0.497   -0.642   -0.897
 1.21013    0.089    0.413   -0.487   -0.661   -0.900
 1.22224    0.089    0.428   -0.474   -0.682   -0.902
 1.23446    0.088    0.441   -0.462   -0.708   -0.903
 1.24680    0.088    0.454   -0.450   -0.735   -0.904
 1.25927    0.087    0.467   -0.437   -0.764   -0.904
 1.27186    0.087    0.479   -0.424   -0.793   -0.903
 1.28458    0.086    0.491   -0.411   -0.822   -0.902
 1.29743    0.086    0.504   -0.396   -0.848   -0.900
 1.31040    0.085    0.517   -0.381   -0.871   -0.898
 1.32351    0.085    0.529   -0.368   -0.889   -0.897
 1.33674    0.084    0.542   -0.353   -0.904   -0.895
 1.35011    0.084    0.555   -0.339   -0.915   -0.894
 1.36361    0.083    0.567   -0.325   -0.920   -0.892
 1.37725    0.083    0.580   -0.311   -0.920   -0.891
 1.39102    0.082    0.591   -0.299   -0.923   -0.890
 1.40493    0.082    0.604   -0.285   -0.923   -0.889
 1.41898    0.081    0.615   -0.272   -0.924   -0.887
 1.43317    0.080    0.627   -0.259   -0.924   -0.886
 1.44750    0.080    0.639   -0.246   -0.925   -0.885
 1.46197    0.079    0.651   -0.232   -0.927   -0.883
 1.47659    0.079    0.663   -0.218   -0.930   -0.881
 1.49136    0.078    0.673   -0.206   -0.930   -0.879
 1.50627    0.078    0.685   -0.193   -0.928   -0.878
 1.52134    0.077    0.693   -0.181   -0.923   -0.874
 1.53655    0.076    0.702   -0.169   -0.914   -0.871
 1.55192    0.076    0.710   -0.158   -0.902   -0.868
 1.56743    0.075    0.717   -0.147   -0.886   -0.864
 1.58311    0.074    0.723   -0.136   -0.866   -0.859
 1.59894    0.073    0.730   -0.125   -0.846   -0.855
 1.61493    0.073    0.736   -0.114   -0.825   -0.850
 1.63108    0.072    0.742   -0.104   -0.805   -0.846
 1.64739    0.071    0.747   -0.094   -0.785   -0.841
 1.66386    0.070    0.753   -0.083   -0.766   -0.836
 1.68050    0.070    0.757   -0.073   -0.748   -0.830
 1.69731    0.069    0.761   -0.063   -0.732   -0.824
 1.71428    0.068    0.764   -0.052   -0.717   -0.816
 1.73142    0.068    0.767   -0.042   -0.705   -0.809
 1.74874    0.067    0.771   -0.029   -0.699   -0.800
 1.76622    0.066    0.773   -0.019   -0.697   -0.792
 1.78389    0.065    0.775   -0.007   -0.698   -0.782
 1.80173    0.065    0.777    0.004   -0.698   -0.773
 1.81974    0.064    0.778    0.016   -0.700   -0.762
 1.83794    0.064    0.780    0.028   -0.702   -0.752
 1.85632    0.063    0.780    0.040   -0.706   -0.740
 1.87488    0.062    0.781    0.052   -0.712   -0.729
 1.89363    0.062    0.781    0.064   -0.720   -0.717
 1.91257    0.061    0.781    0.077   -0.729   -0.704
 1.93169    0.061    0.781    0.090   -0.740   -0.691
 1.95101    0.060    0.781    0.103   -0.752   -0.678
 1.97052    0.060    0.781    0.117   -0.767   -0.664
 1.99023    0.059    0.780    0.130   -0.781   -0.650
 2.01013    0.058    0.778    0.142   -0.798   -0.636
 2.03023    0.058    0.777    0.156   -0.815   -0.621
 2.05053    0.057    0.774    0.169   -0.833   -0.605
 2.07104    0.057    0.774    0.185   -0.851   -0.589
 2.09175    0.056    0.771    0.198   -0.867   -0.573
 2.11267    0.056    0.771    0.215   -0.881   -0.556
 2.13379    0.056    0.770    0.230   -0.895   -0.540
 2.15513    0.055    0.768    0.245   -0.908   -0.523
 2.17668    0.055    0.767    0.261   -0.922   -0.506
 2.19845    0.054    0.766    0.277   -0.936   -0.489
 2.22043    0.054    0.766    0.294   -0.950   -0.472
 2.24264    0.053    0.766    0.311   -0.962   -0.455
 2.26506    0.053    0.769    0.331   -0.971   -0.438
 2.28771    0.053    0.771    0.351   -0.980   -0.420
 2.31059    0.052    0.773    0.371   -0.992   -0.402
 2.33370    0.052    0.776    0.392   -1.009   -0.384
 2.35703    0.052    0.778    0.413   -1.027   -0.365
 2.38060    0.051    0.781    0.434   -1.044   -0.347
 2.40441    0.051    0.784    0.455   -1.061   -0.329
 2.42846    0.051    0.788    0.478   -1.078   -0.310
 2.45274    0.050    0.793    0.501   -1.094   -0.292
 2.47727    0.050    0.799    0.524   -1.109   -0.275
 2.50204    0.050    0.804    0.546   -1.122   -0.258
 2.52706    0.050    0.813    0.572   -1.136   -0.241
 2.55233    0.049    0.821    0.595   -1.148   -0.226
 2.57785    0.049    0.829    0.619   -1.159   -0.210
 2.60363    0.049    0.838    0.643   -1.169   -0.195
 2.62967    0.049    0.848    0.668   -1.178   -0.180
 2.65597    0.049    0.857    0.692   -1.187   -0.165
 2.68253    0.049    0.869    0.719   -1.196   -0.150
 2.70935    0.049    0.881    0.745   -1.204   -0.136
 2.73644    0.049    0.891    0.770   -1.212   -0.121
 2.76381    0.049    0.903    0.797   -1.218   -0.106
 2.79145    0.048    0.914    0.823   -1.224   -0.091
 2.81936    0.048    0.924    0.847   -1.228   -0.077
 2.84755    0.048    0.935    0.872   -1.234   -0.063
 2.87603    0.048    0.947    0.898   -1.240   -0.049
 2.90479    0.048    0.960    0.925   -1.245   -0.035
 2.93384    0.048    0.972    0.951   -1.249   -0.021
 2.96318    0.048    0.984    0.977   -1.252   -0.007
 2.99281    0.048    0.997    1.004   -1.256    0.007
