   z       f1     W1-W2   W1-W3  W3-W4   W2-W3 
 0.00050    1.000   -0.000   -0.000   -0.000   -0.000
 0.00100    1.000    0.000    0.001   -0.001    0.001
 0.00150    0.997    0.001   -0.001   -0.003   -0.002
 0.00200    0.995   -0.001    0.000   -0.006    0.001
 0.00250    0.995    0.003    0.002   -0.007   -0.001
 0.00300    0.993    0.001    0.001   -0.008   -0.000
 0.00350    0.991    0.001    0.000   -0.010   -0.001
 0.00400    0.991    0.003    0.002   -0.012   -0.001
 0.00450    0.988    0.001   -0.001   -0.012   -0.002
 0.00500    0.987    0.003    0.000   -0.014   -0.003
 0.00550    0.986    0.002   -0.001   -0.016   -0.003
 0.00600    0.984    0.002   -0.001   -0.018   -0.003
 0.00650    0.983    0.003    0.000   -0.019   -0.003
 0.00700    0.981    0.003    0.000   -0.021   -0.003
 0.00750    0.979    0.003    0.000   -0.023   -0.003
 0.00800    0.979    0.003   -0.001   -0.024   -0.004
 0.00850    0.977    0.004   -0.002   -0.025   -0.006
 0.00900    0.975    0.003   -0.002   -0.026   -0.005
 0.00950    0.974    0.004   -0.001   -0.029   -0.005
 0.01000    0.973    0.004   -0.001   -0.030   -0.005
 0.01050    0.971    0.004   -0.002   -0.031   -0.006
 0.01100    0.970    0.005   -0.001   -0.033   -0.006
 0.01150    0.969    0.005   -0.001   -0.035   -0.006
 0.01200    0.967    0.005   -0.002   -0.036   -0.007
 0.01250    0.966    0.005   -0.003   -0.037   -0.008
 0.01300    0.964    0.006   -0.002   -0.039   -0.008
 0.01350    0.963    0.006   -0.002   -0.040   -0.008
 0.01400    0.961    0.006   -0.003   -0.042   -0.009
 0.01450    0.960    0.006   -0.003   -0.044   -0.009
 0.01500    0.958    0.007   -0.002   -0.045   -0.009
 0.01550    0.957    0.007   -0.003   -0.046   -0.010
 0.01600    0.956    0.007   -0.002   -0.049   -0.009
 0.01650    0.954    0.007   -0.003   -0.050   -0.010
 0.01700    0.953    0.008   -0.003   -0.051   -0.011
 0.01750    0.952    0.008   -0.004   -0.052   -0.012
 0.01800    0.950    0.008   -0.003   -0.054   -0.011
 0.01850    0.949    0.008   -0.004   -0.056   -0.012
 0.01900    0.948    0.009   -0.004   -0.057   -0.013
 0.01950    0.946    0.009   -0.003   -0.059   -0.012
 0.02000    0.945    0.009   -0.004   -0.061   -0.013
 0.02050    0.944    0.010   -0.003   -0.062   -0.013
 0.02100    0.942    0.009   -0.005   -0.063   -0.014
 0.02150    0.941    0.010   -0.004   -0.065   -0.014
 0.02200    0.940    0.010   -0.004   -0.066   -0.014
 0.02250    0.938    0.010   -0.005   -0.068   -0.015
 0.02300    0.937    0.011   -0.004   -0.070   -0.015
 0.02350    0.936    0.011   -0.004   -0.071   -0.015
 0.02400    0.934    0.011   -0.005   -0.073   -0.016
 0.02450    0.933    0.011   -0.005   -0.074   -0.016
 0.02500    0.932    0.012   -0.005   -0.075   -0.017
 0.02550    0.930    0.012   -0.006   -0.076   -0.018
 0.02600    0.929    0.012   -0.006   -0.078   -0.018
 0.02650    0.927    0.013   -0.004   -0.080   -0.017
 0.02700    0.926    0.013   -0.006   -0.081   -0.019
 0.02750    0.925    0.013   -0.006   -0.082   -0.019
 0.02800    0.924    0.014   -0.004   -0.085   -0.018
 0.02850    0.922    0.014   -0.005   -0.086   -0.019
 0.02900    0.921    0.014   -0.006   -0.087   -0.020
 0.02950    0.920    0.015   -0.006   -0.088   -0.021
 0.03000    0.918    0.015   -0.006   -0.090   -0.021
 0.03050    0.917    0.015   -0.007   -0.091   -0.022
 0.03100    0.916    0.016   -0.006   -0.092   -0.022
 0.03150    0.914    0.016   -0.005   -0.095   -0.021
 0.03200    0.913    0.016   -0.006   -0.096   -0.022
 0.03250    0.912    0.016   -0.006   -0.097   -0.022
 0.03300    0.911    0.017   -0.006   -0.099   -0.023
 0.03350    0.909    0.017   -0.007   -0.100   -0.024
 0.03400    0.908    0.018   -0.007   -0.100   -0.025
 0.03450    0.907    0.018   -0.008   -0.102   -0.026
 0.03500    0.906    0.018   -0.008   -0.104   -0.026
 0.03550    0.904    0.018   -0.007   -0.106   -0.025
 0.03600    0.903    0.018   -0.008   -0.107   -0.026
 0.03650    0.902    0.019   -0.008   -0.108   -0.027
 0.03700    0.900    0.019   -0.008   -0.110   -0.027
 0.03750    0.899    0.020   -0.009   -0.110   -0.029
 0.03800    0.898    0.020   -0.010   -0.111   -0.030
 0.03850    0.897    0.020   -0.010   -0.113   -0.030
 0.03900    0.896    0.021   -0.009   -0.114   -0.030
 0.03950    0.894    0.021   -0.010   -0.115   -0.031
 0.04000    0.893    0.021   -0.010   -0.117   -0.031
 0.04050    0.892    0.022   -0.010   -0.118   -0.032
 0.04100    0.891    0.022   -0.010   -0.120   -0.032
 0.04150    0.890    0.023   -0.011   -0.119   -0.034
 0.04200    0.888    0.022   -0.012   -0.121   -0.034
 0.04250    0.887    0.023   -0.011   -0.123   -0.034
 0.04300    0.886    0.023   -0.012   -0.124   -0.035
 0.04350    0.885    0.024   -0.012   -0.124   -0.036
 0.04400    0.883    0.024   -0.013   -0.126   -0.037
 0.04450    0.882    0.025   -0.012   -0.128   -0.037
 0.04500    0.881    0.025   -0.013   -0.128   -0.038
 0.04550    0.880    0.025   -0.015   -0.128   -0.040
 0.04600    0.879    0.026   -0.014   -0.130   -0.040
 0.04650    0.877    0.026   -0.014   -0.132   -0.040
 0.04700    0.876    0.027   -0.014   -0.132   -0.041
 0.04750    0.875    0.027   -0.014   -0.133   -0.041
 0.04800    0.874    0.027   -0.016   -0.134   -0.043
 0.04850    0.873    0.028   -0.015   -0.135   -0.043
 0.04900    0.872    0.028   -0.016   -0.136   -0.044
 0.04950    0.870    0.028   -0.016   -0.137   -0.044
 0.05000    0.870    0.028   -0.017   -0.138   -0.045
 0.05050    0.868    0.030   -0.017   -0.139   -0.047
 0.05100    0.867    0.030   -0.017   -0.140   -0.047
 0.05150    0.866    0.030   -0.018   -0.141   -0.048
 0.05200    0.865    0.031   -0.018   -0.142   -0.049
 0.05250    0.863    0.031   -0.018   -0.143   -0.049
 0.05300    0.862    0.031   -0.019   -0.144   -0.050
 0.05350    0.861    0.032   -0.019   -0.144   -0.051
 0.05400    0.860    0.032   -0.019   -0.145   -0.051
 0.05450    0.859    0.032   -0.020   -0.146   -0.052
 0.05500    0.858    0.033   -0.021   -0.147   -0.054
 0.05550    0.857    0.033   -0.022   -0.147   -0.055
 0.05600    0.856    0.034   -0.021   -0.149   -0.055
 0.05650    0.855    0.034   -0.022   -0.150   -0.056
 0.05700    0.853    0.035   -0.022   -0.150   -0.057
 0.05750    0.852    0.035   -0.022   -0.152   -0.057
 0.05800    0.851    0.035   -0.024   -0.151   -0.059
 0.05850    0.850    0.036   -0.024   -0.152   -0.060
 0.05900    0.849    0.036   -0.025   -0.153   -0.061
 0.05950    0.848    0.037   -0.023   -0.155   -0.060
 0.06000    0.847    0.037   -0.025   -0.155   -0.062
 0.06050    0.846    0.038   -0.024   -0.155   -0.062
 0.06100    0.845    0.038   -0.024   -0.157   -0.062
 0.06150    0.843    0.038   -0.025   -0.158   -0.063
 0.06200    0.842    0.039   -0.027   -0.157   -0.066
 0.06250    0.841    0.039   -0.027   -0.158   -0.066
 0.06300    0.840    0.040   -0.026   -0.160   -0.066
 0.06350    0.839    0.041   -0.027   -0.160   -0.068
 0.06400    0.838    0.041   -0.028   -0.161   -0.069
 0.06450    0.837    0.041   -0.028   -0.162   -0.069
 0.06500    0.836    0.042   -0.027   -0.163   -0.069
 0.06550    0.835    0.042   -0.029   -0.164   -0.071
 0.06600    0.834    0.043   -0.029   -0.164   -0.072
 0.06650    0.833    0.043   -0.029   -0.165   -0.072
 0.06700    0.831    0.043   -0.031   -0.165   -0.074
 0.06750    0.831    0.044   -0.031   -0.166   -0.075
 0.06800    0.829    0.045   -0.030   -0.167   -0.075
 0.06850    0.828    0.045   -0.030   -0.168   -0.075
 0.06900    0.827    0.045   -0.032   -0.169   -0.077
 0.06950    0.826    0.046   -0.031   -0.170   -0.077
 0.07000    0.825    0.046   -0.031   -0.171   -0.077
 0.07050    0.824    0.047   -0.032   -0.171   -0.079
 0.07100    0.823    0.047   -0.034   -0.171   -0.081
 0.07150    0.822    0.048   -0.033   -0.173   -0.081
 0.07200    0.821    0.048   -0.033   -0.174   -0.081
 0.07250    0.820    0.049   -0.033   -0.175   -0.082
 0.07300    0.819    0.049   -0.033   -0.176   -0.082
 0.07350    0.818    0.050   -0.033   -0.177   -0.083
 0.07400    0.817    0.050   -0.034   -0.178   -0.084
 0.07450    0.816    0.051   -0.035   -0.177   -0.086
 0.07500    0.815    0.051   -0.034   -0.179   -0.085
 0.07550    0.814    0.052   -0.034   -0.180   -0.086
 0.07600    0.813    0.052   -0.035   -0.181   -0.087
 0.07650    0.812    0.053   -0.035   -0.182   -0.088
 0.07700    0.811    0.053   -0.035   -0.183   -0.088
 0.07750    0.810    0.054   -0.034   -0.184   -0.088
 0.07800    0.809    0.054   -0.036   -0.184   -0.090
 0.07850    0.808    0.055   -0.036   -0.185   -0.091
 0.07900    0.807    0.055   -0.036   -0.186   -0.091
 0.07950    0.806    0.056   -0.035   -0.187   -0.091
 0.08000    0.805    0.056   -0.036   -0.189   -0.092
 0.08050    0.804    0.056   -0.037   -0.189   -0.093
 0.08100    0.803    0.057   -0.036   -0.190   -0.093
 0.08150    0.802    0.058   -0.036   -0.191   -0.094
 0.08200    0.801    0.058   -0.036   -0.192   -0.094
 0.08250    0.800    0.059   -0.037   -0.192   -0.096
 0.08300    0.799    0.060   -0.037   -0.194   -0.097
 0.08350    0.798    0.060   -0.037   -0.195   -0.097
 0.08400    0.797    0.060   -0.036   -0.196   -0.096
 0.08450    0.796    0.061   -0.037   -0.196   -0.098
 0.08500    0.795    0.061   -0.038   -0.197   -0.099
 0.08550    0.794    0.062   -0.038   -0.198   -0.100
 0.08600    0.793    0.062   -0.037   -0.199   -0.099
 0.08650    0.793    0.063   -0.038   -0.200   -0.101
 0.08700    0.792    0.063   -0.038   -0.201   -0.101
 0.08750    0.791    0.064   -0.038   -0.202   -0.102
 0.08800    0.790    0.065   -0.038   -0.202   -0.103
 0.08850    0.789    0.065   -0.038   -0.203   -0.103
 0.08900    0.788    0.066   -0.038   -0.204   -0.104
 0.08950    0.787    0.066   -0.038   -0.205   -0.104
 0.09000    0.786    0.067   -0.038   -0.206   -0.105
 0.09050    0.785    0.067   -0.037   -0.208   -0.104
 0.09100    0.784    0.068   -0.039   -0.208   -0.107
 0.09150    0.783    0.068   -0.040   -0.208   -0.108
 0.09200    0.782    0.069   -0.039   -0.210   -0.108
 0.09250    0.781    0.069   -0.039   -0.211   -0.108
 0.09300    0.780    0.070   -0.039   -0.212   -0.109
 0.09350    0.779    0.071   -0.039   -0.213   -0.110
 0.09400    0.778    0.071   -0.039   -0.214   -0.110
 0.09450    0.777    0.072   -0.039   -0.215   -0.111
 0.09500    0.776    0.072   -0.040   -0.215   -0.112
 0.09550    0.776    0.073   -0.040   -0.215   -0.113
 0.09600    0.775    0.073   -0.040   -0.217   -0.113
 0.09650    0.774    0.074   -0.040   -0.218   -0.114
 0.09700    0.773    0.074   -0.041   -0.218   -0.115
 0.09750    0.772    0.075   -0.039   -0.220   -0.114
 0.09800    0.771    0.075   -0.040   -0.221   -0.115
 0.09850    0.770    0.076   -0.040   -0.221   -0.116
 0.09900    0.769    0.077   -0.041   -0.221   -0.118
 0.09950    0.768    0.077   -0.041   -0.223   -0.118
 0.10000    0.768    0.077   -0.041   -0.223   -0.118
 0.10050    0.767    0.079   -0.041   -0.224   -0.120
 0.10100    0.766    0.079   -0.041   -0.225   -0.120
 0.10150    0.765    0.079   -0.041   -0.226   -0.120
 0.10200    0.764    0.080   -0.041   -0.227   -0.121
 0.10250    0.763    0.080   -0.041   -0.228   -0.121
 0.10300    0.762    0.081   -0.041   -0.230   -0.122
 0.10350    0.761    0.082   -0.041   -0.229   -0.123
 0.10400    0.760    0.083   -0.042   -0.230   -0.125
 0.10450    0.759    0.083   -0.042   -0.231   -0.125
 0.10500    0.759    0.083   -0.043   -0.231   -0.126
 0.10550    0.758    0.084   -0.042   -0.232   -0.126
 0.10600    0.757    0.085   -0.041   -0.234   -0.126
 0.10650    0.756    0.085   -0.042   -0.234   -0.127
 0.10700    0.755    0.086   -0.042   -0.235   -0.128
 0.10750    0.754    0.087   -0.043   -0.234   -0.130
 0.10800    0.753    0.086   -0.044   -0.236   -0.130
 0.10850    0.752    0.088   -0.043   -0.236   -0.131
 0.10900    0.752    0.088   -0.043   -0.237   -0.131
 0.10950    0.751    0.088   -0.043   -0.238   -0.131
 0.11000    0.750    0.089   -0.044   -0.239   -0.133
 0.11050    0.749    0.090   -0.043   -0.239   -0.133
 0.11100    0.748    0.090   -0.044   -0.240   -0.134
 0.11150    0.747    0.091   -0.044   -0.240   -0.135
 0.11200    0.746    0.092   -0.044   -0.241   -0.136
 0.11250    0.746    0.092   -0.044   -0.242   -0.136
 0.11300    0.745    0.093   -0.044   -0.242   -0.137
 0.11350    0.744    0.093   -0.045   -0.243   -0.138
 0.11400    0.743    0.094   -0.045   -0.244   -0.139
 0.11450    0.742    0.095   -0.045   -0.244   -0.140
 0.11500    0.741    0.095   -0.045   -0.245   -0.140
 0.11550    0.741    0.096   -0.046   -0.245   -0.142
 0.11600    0.740    0.096   -0.046   -0.245   -0.142
 0.11650    0.739    0.097   -0.046   -0.247   -0.143
 0.11700    0.738    0.098   -0.045   -0.247   -0.143
 0.11750    0.737    0.098   -0.046   -0.247   -0.144
 0.11800    0.737    0.099   -0.047   -0.248   -0.146
 0.11850    0.736    0.099   -0.047   -0.249   -0.146
 0.11900    0.735    0.100   -0.046   -0.250   -0.146
 0.11950    0.734    0.101   -0.047   -0.250   -0.148
 0.12000    0.733    0.101   -0.047   -0.251   -0.148
 0.12050    0.732    0.102   -0.047   -0.251   -0.149
 0.12100    0.731    0.102   -0.048   -0.251   -0.150
 0.12150    0.731    0.103   -0.047   -0.252   -0.150
 0.12200    0.730    0.104   -0.047   -0.253   -0.151
 0.12250    0.729    0.105   -0.047   -0.253   -0.152
 0.12300    0.728    0.104   -0.049   -0.254   -0.153
 0.12350    0.727    0.106   -0.046   -0.256   -0.152
 0.12400    0.727    0.107   -0.047   -0.255   -0.154
 0.12450    0.726    0.108   -0.048   -0.256   -0.156
 0.12500    0.725    0.107   -0.048   -0.255   -0.155
 0.12550    0.724    0.107   -0.049   -0.257   -0.156
 0.12600    0.723    0.108   -0.049   -0.257   -0.157
 0.12650    0.722    0.109   -0.049   -0.258   -0.158
 0.12700    0.722    0.110   -0.048   -0.259   -0.158
 0.12750    0.721    0.111   -0.048   -0.260   -0.159
 0.12800    0.720    0.111   -0.050   -0.259   -0.161
 0.12850    0.719    0.112   -0.050   -0.259   -0.162
 0.12900    0.719    0.112   -0.049   -0.261   -0.161
 0.12950    0.718    0.113   -0.049   -0.261   -0.162
 0.13000    0.717    0.114   -0.050   -0.261   -0.164
 0.13050    0.716    0.114   -0.050   -0.262   -0.164
 0.13100    0.716    0.115   -0.049   -0.263   -0.164
 0.13150    0.715    0.116   -0.050   -0.263   -0.166
 0.13200    0.714    0.116   -0.051   -0.264   -0.167
 0.13250    0.713    0.117   -0.051   -0.264   -0.168
 0.13300    0.713    0.118   -0.050   -0.265   -0.168
 0.13350    0.712    0.119   -0.051   -0.265   -0.170
 0.13400    0.711    0.119   -0.051   -0.266   -0.170
 0.13450    0.710    0.120   -0.051   -0.266   -0.171
 0.13500    0.710    0.121   -0.050   -0.267   -0.171
 0.13550    0.709    0.121   -0.050   -0.268   -0.171
 0.13600    0.708    0.122   -0.051   -0.268   -0.173
 0.13650    0.707    0.123   -0.051   -0.268   -0.174
 0.13700    0.707    0.123   -0.052   -0.268   -0.175
 0.13750    0.706    0.124   -0.052   -0.269   -0.176
 0.13800    0.705    0.124   -0.053   -0.269   -0.177
 0.13850    0.704    0.125   -0.052   -0.270   -0.177
 0.13900    0.704    0.126   -0.051   -0.272   -0.177
 0.13950    0.702    0.126   -0.052   -0.272   -0.178
 0.14000    0.702    0.127   -0.052   -0.272   -0.179
 0.14050    0.701    0.128   -0.053   -0.271   -0.181
 0.14100    0.701    0.129   -0.052   -0.272   -0.181
 0.14150    0.699    0.128   -0.054   -0.272   -0.182
 0.14200    0.699    0.129   -0.053   -0.273   -0.182
 0.14250    0.698    0.130   -0.053   -0.274   -0.183
 0.14300    0.697    0.131   -0.052   -0.274   -0.183
 0.14350    0.696    0.131   -0.053   -0.275   -0.184
 0.14400    0.696    0.132   -0.053   -0.275   -0.185
 0.14450    0.695    0.133   -0.054   -0.274   -0.187
 0.14500    0.694    0.133   -0.055   -0.275   -0.188
 0.14550    0.693    0.134   -0.055   -0.274   -0.189
 0.14600    0.693    0.134   -0.055   -0.276   -0.189
 0.14650    0.692    0.135   -0.054   -0.276   -0.189
 0.14700    0.691    0.136   -0.055   -0.276   -0.191
 0.14750    0.691    0.136   -0.055   -0.276   -0.191
 0.14800    0.690    0.137   -0.055   -0.277   -0.192
 0.14850    0.689    0.138   -0.056   -0.276   -0.194
 0.14900    0.689    0.139   -0.056   -0.277   -0.195
 0.14950    0.687    0.138   -0.056   -0.278   -0.194
 0.15000    0.687    0.139   -0.056   -0.278   -0.195
 0.15050    0.686    0.140   -0.056   -0.278   -0.196
 0.15100    0.686    0.141   -0.057   -0.278   -0.198
 0.15150    0.684    0.141   -0.057   -0.278   -0.198
 0.15200    0.684    0.142   -0.057   -0.278   -0.199
 0.15250    0.683    0.143   -0.058   -0.278   -0.201
 0.15300    0.683    0.143   -0.057   -0.279   -0.200
 0.15350    0.681    0.144   -0.058   -0.279   -0.202
 0.15400    0.681    0.144   -0.059   -0.279   -0.203
 0.15450    0.680    0.145   -0.058   -0.279   -0.203
 0.15500    0.680    0.146   -0.058   -0.279   -0.204
 0.15550    0.679    0.146   -0.059   -0.279   -0.205
 0.15600    0.678    0.146   -0.060   -0.279   -0.206
 0.15650    0.677    0.147   -0.059   -0.280   -0.206
 0.15700    0.676    0.148   -0.059   -0.280   -0.207
 0.15750    0.676    0.148   -0.060   -0.280   -0.208
 0.15800    0.675    0.148   -0.061   -0.280   -0.209
 0.15850    0.674    0.149   -0.061   -0.280   -0.210
 0.15900    0.673    0.150   -0.061   -0.280   -0.211
 0.15950    0.672    0.150   -0.062   -0.280   -0.212
 0.16000    0.672    0.150   -0.062   -0.280   -0.212
 0.16050    0.671    0.152   -0.060   -0.281   -0.212
 0.16100    0.670    0.152   -0.063   -0.279   -0.215
 0.16150    0.670    0.153   -0.062   -0.279   -0.215
 0.16200    0.669    0.153   -0.063   -0.279   -0.216
 0.16250    0.668    0.154   -0.062   -0.280   -0.216
 0.16300    0.667    0.154   -0.064   -0.279   -0.218
 0.16350    0.667    0.155   -0.063   -0.280   -0.218
 0.16400    0.666    0.155   -0.064   -0.279   -0.219
 0.16450    0.665    0.156   -0.064   -0.279   -0.220
 0.16500    0.664    0.156   -0.065   -0.278   -0.221
 0.16550    0.664    0.157   -0.065   -0.278   -0.222
 0.16600    0.663    0.158   -0.065   -0.278   -0.223
 0.16650    0.662    0.158   -0.066   -0.278   -0.224
 0.16700    0.661    0.158   -0.066   -0.278   -0.224
 0.16750    0.660    0.159   -0.066   -0.278   -0.225
 0.16800    0.660    0.159   -0.067   -0.278   -0.226
 0.16850    0.659    0.160   -0.066   -0.278   -0.226
 0.16900    0.658    0.160   -0.068   -0.277   -0.228
 0.16950    0.657    0.161   -0.068   -0.276   -0.229
 0.17000    0.657    0.162   -0.068   -0.276   -0.230
 0.17050    0.656    0.162   -0.068   -0.275   -0.230
 0.17100    0.655    0.162   -0.070   -0.275   -0.232
 0.17150    0.654    0.162   -0.070   -0.275   -0.232
 0.17200    0.654    0.163   -0.069   -0.275   -0.232
 0.17250    0.653    0.163   -0.070   -0.275   -0.233
 0.17300    0.652    0.164   -0.071   -0.274   -0.235
 0.17350    0.651    0.164   -0.072   -0.272   -0.236
 0.17400    0.651    0.165   -0.072   -0.272   -0.237
 0.17450    0.650    0.165   -0.073   -0.271   -0.238
 0.17500    0.649    0.165   -0.073   -0.271   -0.238
 0.17550    0.648    0.165   -0.074   -0.271   -0.239
 0.17600    0.648    0.167   -0.072   -0.271   -0.239
 0.17650    0.647    0.167   -0.073   -0.270   -0.240
 0.17700    0.646    0.167   -0.074   -0.269   -0.241
 0.17750    0.645    0.167   -0.076   -0.268   -0.243
 0.17800    0.645    0.169   -0.075   -0.267   -0.244
 0.17850    0.644    0.168   -0.077   -0.265   -0.245
 0.17900    0.643    0.169   -0.076   -0.266   -0.245
 0.17950    0.642    0.169   -0.077   -0.265   -0.246
 0.18000    0.642    0.170   -0.077   -0.264   -0.247
 0.18050    0.641    0.170   -0.078   -0.263   -0.248
 0.18100    0.640    0.171   -0.078   -0.263   -0.249
 0.18150    0.639    0.171   -0.080   -0.261   -0.251
 0.18200    0.638    0.171   -0.080   -0.260   -0.251
 0.18250    0.637    0.172   -0.079   -0.260   -0.251
 0.18300    0.637    0.172   -0.081   -0.259   -0.253
 0.18350    0.636    0.172   -0.082   -0.258   -0.254
 0.18400    0.635    0.173   -0.081   -0.257   -0.254
 0.18450    0.635    0.173   -0.082   -0.256   -0.255
 0.18500    0.634    0.174   -0.083   -0.255   -0.257
 0.18550    0.632    0.173   -0.086   -0.253   -0.259
 0.18600    0.632    0.174   -0.085   -0.253   -0.259
 0.18650    0.631    0.175   -0.085   -0.252   -0.260
 0.18700    0.630    0.175   -0.085   -0.251   -0.260
 0.18750    0.630    0.174   -0.087   -0.250   -0.261
 0.18800    0.629    0.175   -0.087   -0.249   -0.262
 0.18850    0.628    0.176   -0.087   -0.248   -0.263
 0.18900    0.627    0.176   -0.088   -0.247   -0.264
 0.18950    0.626    0.176   -0.089   -0.245   -0.265
 0.19000    0.625    0.176   -0.090   -0.245   -0.266
 0.19050    0.625    0.176   -0.091   -0.244   -0.267
 0.19100    0.624    0.177   -0.091   -0.243   -0.268
 0.19150    0.623    0.177   -0.092   -0.241   -0.269
 0.19200    0.622    0.177   -0.094   -0.240   -0.271
 0.19250    0.622    0.178   -0.093   -0.239   -0.271
 0.19300    0.621    0.178   -0.093   -0.239   -0.271
 0.19350    0.620    0.178   -0.094   -0.237   -0.272
 0.19400    0.619    0.178   -0.096   -0.235   -0.274
 0.19450    0.619    0.179   -0.096   -0.235   -0.275
 0.19500    0.618    0.180   -0.095   -0.233   -0.275
 0.19550    0.617    0.179   -0.098   -0.232   -0.277
 0.19600    0.616    0.179   -0.098   -0.231   -0.277
 0.19650    0.615    0.179   -0.099   -0.230   -0.278
 0.19700    0.615    0.180   -0.099   -0.228   -0.279
 0.19750    0.614    0.180   -0.100   -0.228   -0.280
 0.19800    0.613    0.180   -0.101   -0.226   -0.281
 0.19850    0.612    0.180   -0.102   -0.225   -0.282
 0.19900    0.611    0.181   -0.102   -0.224   -0.283
 0.19950    0.611    0.181   -0.103   -0.222   -0.284
 0.20000    0.610    0.181   -0.103   -0.221   -0.284
 0.20050    0.609    0.181   -0.104   -0.220   -0.285
 0.20100    0.608    0.182   -0.104   -0.219   -0.286
 0.20150    0.608    0.182   -0.105   -0.218   -0.287
 0.20200    0.607    0.182   -0.107   -0.216   -0.289
 0.20250    0.606    0.183   -0.106   -0.215   -0.289
 0.20300    0.605    0.182   -0.109   -0.214   -0.291
 0.20350    0.604    0.183   -0.108   -0.213   -0.291
 0.20400    0.603    0.183   -0.109   -0.212   -0.292
 0.20450    0.603    0.183   -0.110   -0.211   -0.293
 0.20500    0.602    0.182   -0.111   -0.211   -0.293
 0.20550    0.601    0.182   -0.112   -0.209   -0.294
 0.20600    0.600    0.183   -0.113   -0.207   -0.296
 0.20650    0.599    0.183   -0.114   -0.206   -0.297
 0.20700    0.598    0.183   -0.114   -0.205   -0.297
 0.20750    0.598    0.183   -0.115   -0.204   -0.298
 0.20800    0.597    0.184   -0.115   -0.203   -0.299
 0.20850    0.596    0.184   -0.115   -0.203   -0.299
 0.20900    0.596    0.184   -0.115   -0.203   -0.299
 0.20950    0.595    0.184   -0.116   -0.201   -0.300
 0.21000    0.594    0.185   -0.116   -0.200   -0.301
 0.21050    0.593    0.186   -0.117   -0.199   -0.303
 0.21100    0.592    0.185   -0.119   -0.197   -0.304
 0.21150    0.592    0.185   -0.120   -0.196   -0.305
 0.21200    0.591    0.185   -0.120   -0.197   -0.305
 0.21250    0.590    0.186   -0.119   -0.196   -0.305
 0.21300    0.589    0.186   -0.120   -0.195   -0.306
 0.21350    0.589    0.186   -0.121   -0.194   -0.307
 0.21400    0.587    0.186   -0.122   -0.194   -0.308
 0.21450    0.587    0.186   -0.124   -0.192   -0.310
 0.21500    0.586    0.186   -0.125   -0.190   -0.311
 0.21550    0.586    0.187   -0.124   -0.190   -0.311
 0.21600    0.584    0.186   -0.126   -0.190   -0.312
 0.21650    0.583    0.186   -0.126   -0.189   -0.312
 0.21700    0.583    0.187   -0.126   -0.188   -0.313
 0.21750    0.582    0.187   -0.127   -0.187   -0.314
 0.21800    0.581    0.186   -0.129   -0.187   -0.315
 0.21850    0.580    0.186   -0.131   -0.185   -0.317
 0.21900    0.580    0.187   -0.130   -0.185   -0.317
 0.21950    0.579    0.187   -0.130   -0.184   -0.317
 0.22000    0.577    0.186   -0.133   -0.183   -0.319
 0.22050    0.577    0.187   -0.132   -0.183   -0.319
 0.22100    0.576    0.187   -0.133   -0.182   -0.320
 0.22150    0.575    0.187   -0.134   -0.181   -0.321
 0.22200    0.574    0.187   -0.135   -0.180   -0.322
 0.22250    0.574    0.187   -0.136   -0.179   -0.323
 0.22300    0.573    0.187   -0.136   -0.179   -0.323
 0.22350    0.572    0.187   -0.138   -0.178   -0.325
 0.22400    0.571    0.188   -0.137   -0.178   -0.325
 0.22450    0.570    0.187   -0.139   -0.177   -0.326
 0.22500    0.569    0.187   -0.141   -0.175   -0.328
 0.22550    0.569    0.188   -0.140   -0.175   -0.328
 0.22600    0.568    0.188   -0.141   -0.175   -0.329
 0.22650    0.567    0.188   -0.142   -0.174   -0.330
 0.22700    0.567    0.188   -0.143   -0.173   -0.331
 0.22750    0.566    0.188   -0.144   -0.172   -0.332
 0.22800    0.565    0.188   -0.145   -0.171   -0.333
 0.22850    0.564    0.188   -0.146   -0.170   -0.334
 0.22900    0.564    0.189   -0.145   -0.170   -0.334
 0.22950    0.563    0.189   -0.147   -0.169   -0.336
 0.23000    0.562    0.188   -0.149   -0.168   -0.337
 0.23050    0.561    0.189   -0.148   -0.168   -0.337
 0.23100    0.560    0.190   -0.149   -0.167   -0.339
 0.23150    0.559    0.189   -0.151   -0.165   -0.340
 0.23200    0.559    0.189   -0.152   -0.165   -0.341
 0.23250    0.558    0.190   -0.152   -0.164   -0.342
 0.23300    0.557    0.189   -0.153   -0.163   -0.342
 0.23350    0.557    0.189   -0.154   -0.163   -0.343
 0.23400    0.556    0.190   -0.155   -0.162   -0.345
 0.23450    0.555    0.189   -0.156   -0.162   -0.345
 0.23500    0.554    0.189   -0.158   -0.159   -0.347
 0.23550    0.553    0.190   -0.158   -0.159   -0.348
 0.23600    0.552    0.189   -0.159   -0.159   -0.348
 0.23650    0.552    0.189   -0.160   -0.157   -0.349
 0.23700    0.551    0.190   -0.160   -0.156   -0.350
 0.23750    0.550    0.190   -0.161   -0.156   -0.351
 0.23800    0.549    0.190   -0.162   -0.155   -0.352
 0.23850    0.548    0.189   -0.163   -0.155   -0.352
 0.23900    0.548    0.189   -0.165   -0.153   -0.354
 0.23950    0.547    0.190   -0.165   -0.152   -0.355
 0.24000    0.546    0.190   -0.166   -0.151   -0.356
 0.24050    0.545    0.190   -0.167   -0.151   -0.357
 0.24100    0.545    0.189   -0.169   -0.150   -0.358
 0.24150    0.544    0.190   -0.169   -0.150   -0.359
 0.24200    0.543    0.190   -0.170   -0.149   -0.360
 0.24250    0.542    0.190   -0.170   -0.149   -0.360
 0.24300    0.542    0.190   -0.172   -0.147   -0.362
 0.24350    0.541    0.191   -0.172   -0.146   -0.363
 0.24400    0.540    0.190   -0.174   -0.146   -0.364
 0.24450    0.540    0.191   -0.174   -0.145   -0.365
 0.24500    0.538    0.190   -0.176   -0.144   -0.366
 0.24550    0.538    0.190   -0.176   -0.144   -0.366
 0.24600    0.537    0.190   -0.178   -0.143   -0.368
 0.24650    0.537    0.191   -0.177   -0.143   -0.368
 0.24700    0.535    0.189   -0.179   -0.142   -0.368
 0.24750    0.535    0.191   -0.181   -0.141   -0.372
 0.24800    0.534    0.190   -0.182   -0.140   -0.372
 0.24850    0.533    0.189   -0.182   -0.140   -0.371
 0.24900    0.532    0.191   -0.183   -0.140   -0.374
 0.24950    0.532    0.190   -0.183   -0.139   -0.373
 0.25000    0.532    0.190   -0.183   -0.139   -0.373
 0.25050    0.530    0.191   -0.185   -0.138   -0.376
 0.25100    0.530    0.190   -0.186   -0.137   -0.376
 0.25150    0.529    0.191   -0.189   -0.136   -0.380
 0.25200    0.528    0.190   -0.189   -0.136   -0.379
 0.25250    0.527    0.189   -0.189   -0.136   -0.378
 0.25300    0.527    0.191   -0.191   -0.135   -0.382
 0.25350    0.526    0.189   -0.192   -0.135   -0.381
 0.25400    0.525    0.190   -0.191   -0.135   -0.381
 0.25450    0.524    0.190   -0.194   -0.134   -0.384
 0.25500    0.524    0.190   -0.194   -0.133   -0.384
 0.25550    0.523    0.189   -0.197   -0.132   -0.386
 0.25600    0.522    0.190   -0.197   -0.132   -0.387
 0.25650    0.521    0.189   -0.197   -0.133   -0.386
 0.25700    0.521    0.190   -0.197   -0.133   -0.387
 0.25750    0.520    0.190   -0.199   -0.132   -0.389
 0.25800    0.519    0.190   -0.199   -0.132   -0.389
 0.25850    0.519    0.190   -0.200   -0.131   -0.390
 0.25900    0.518    0.190   -0.201   -0.131   -0.391
 0.25950    0.517    0.190   -0.202   -0.130   -0.392
 0.26000    0.516    0.189   -0.203   -0.130   -0.392
 0.26050    0.516    0.190   -0.203   -0.130   -0.393
 0.26100    0.515    0.189   -0.205   -0.130   -0.394
 0.26150    0.514    0.189   -0.206   -0.129   -0.395
 0.26200    0.514    0.190   -0.206   -0.129   -0.396
 0.26250    0.513    0.189   -0.208   -0.129   -0.397
 0.26300    0.512    0.189   -0.208   -0.129   -0.397
 0.26350    0.511    0.189   -0.209   -0.128   -0.398
 0.26400    0.511    0.189   -0.210   -0.128   -0.399
 0.26450    0.510    0.188   -0.212   -0.128   -0.400
 0.26500    0.509    0.189   -0.212   -0.128   -0.401
 0.26550    0.508    0.188   -0.214   -0.127   -0.402
 0.26600    0.508    0.188   -0.214   -0.128   -0.402
 0.26650    0.507    0.188   -0.215   -0.127   -0.403
 0.26700    0.506    0.188   -0.216   -0.127   -0.404
 0.26750    0.505    0.187   -0.217   -0.127   -0.404
 0.26800    0.505    0.188   -0.219   -0.126   -0.407
 0.26850    0.504    0.188   -0.219   -0.126   -0.407
 0.26900    0.503    0.187   -0.220   -0.126   -0.407
 0.26950    0.502    0.187   -0.222   -0.126   -0.409
 0.27000    0.502    0.187   -0.222   -0.126   -0.409
 0.27050    0.501    0.187   -0.223   -0.125   -0.410
 0.27100    0.501    0.187   -0.224   -0.126   -0.411
 0.27150    0.500    0.187   -0.225   -0.126   -0.412
 0.27200    0.499    0.187   -0.227   -0.124   -0.414
 0.27250    0.498    0.187   -0.227   -0.125   -0.414
 0.27300    0.498    0.186   -0.229   -0.124   -0.415
 0.27350    0.497    0.186   -0.230   -0.124   -0.416
 0.27400    0.496    0.186   -0.231   -0.124   -0.417
 0.27450    0.496    0.186   -0.232   -0.123   -0.418
 0.27500    0.495    0.186   -0.231   -0.124   -0.417
 0.27550    0.494    0.186   -0.233   -0.124   -0.419
 0.27600    0.493    0.185   -0.236   -0.122   -0.421
 0.27650    0.493    0.185   -0.236   -0.122   -0.421
 0.27700    0.492    0.185   -0.238   -0.122   -0.423
 0.27750    0.491    0.184   -0.240   -0.121   -0.424
 0.27800    0.491    0.185   -0.239   -0.121   -0.424
 0.27850    0.490    0.185   -0.240   -0.122   -0.425
 0.27900    0.489    0.184   -0.241   -0.121   -0.425
 0.27950    0.488    0.183   -0.243   -0.121   -0.426
 0.28000    0.488    0.184   -0.244   -0.121   -0.428
 0.28050    0.487    0.184   -0.246   -0.119   -0.430
 0.28100    0.486    0.183   -0.248   -0.119   -0.431
 0.28150    0.486    0.184   -0.248   -0.119   -0.432
 0.28200    0.485    0.183   -0.249   -0.119   -0.432
 0.28250    0.484    0.182   -0.251   -0.119   -0.433
 0.28300    0.483    0.182   -0.252   -0.119   -0.434
 0.28350    0.483    0.183   -0.252   -0.118   -0.435
 0.28400    0.482    0.182   -0.254   -0.118   -0.436
 0.28450    0.481    0.181   -0.257   -0.117   -0.438
 0.28500    0.481    0.181   -0.258   -0.117   -0.439
 0.28550    0.480    0.181   -0.259   -0.115   -0.440
 0.28600    0.480    0.181   -0.260   -0.116   -0.441
 0.28650    0.479    0.180   -0.262   -0.116   -0.442
 0.28700    0.478    0.180   -0.262   -0.116   -0.442
 0.28750    0.477    0.180   -0.264   -0.115   -0.444
 0.28800    0.477    0.180   -0.265   -0.115   -0.445
 0.28850    0.476    0.179   -0.268   -0.114   -0.447
 0.28900    0.475    0.179   -0.269   -0.113   -0.448
 0.28950    0.474    0.178   -0.270   -0.114   -0.448
 0.29000    0.474    0.179   -0.270   -0.113   -0.449
 0.29050    0.473    0.178   -0.272   -0.113   -0.450
 0.29100    0.472    0.178   -0.274   -0.113   -0.452
 0.29150    0.472    0.178   -0.275   -0.112   -0.453
 0.29200    0.471    0.178   -0.276   -0.111   -0.454
 0.29250    0.471    0.178   -0.278   -0.111   -0.456
 0.29300    0.470    0.177   -0.279   -0.111   -0.456
 0.29350    0.469    0.177   -0.280   -0.111   -0.457
 0.29400    0.469    0.177   -0.281   -0.110   -0.458
 0.29450    0.468    0.177   -0.283   -0.109   -0.460
 0.29500    0.467    0.176   -0.285   -0.109   -0.461
 0.29550    0.466    0.176   -0.286   -0.108   -0.462
 0.29600    0.466    0.176   -0.287   -0.108   -0.463
 0.29650    0.466    0.176   -0.289   -0.108   -0.465
 0.29700    0.465    0.175   -0.290   -0.107   -0.465
 0.29750    0.464    0.174   -0.293   -0.107   -0.467
 0.29800    0.463    0.175   -0.293   -0.106   -0.468
 0.29850    0.463    0.175   -0.294   -0.106   -0.469
 0.29900    0.462    0.175   -0.295   -0.106   -0.470
 0.29950    0.461    0.174   -0.297   -0.105   -0.471
 0.30000    0.461    0.174   -0.298   -0.105   -0.472
 0.30050    0.460    0.173   -0.299   -0.106   -0.472
 0.30350    0.456    0.171   -0.309   -0.103   -0.480
 0.30654    0.452    0.169   -0.318   -0.101   -0.487
 0.30960    0.448    0.169   -0.326   -0.098   -0.495
 0.31270    0.444    0.166   -0.336   -0.095   -0.502
 0.31583    0.441    0.165   -0.344   -0.092   -0.509
 0.31898    0.436    0.162   -0.354   -0.089   -0.516
 0.32217    0.433    0.161   -0.362   -0.086   -0.523
 0.32540    0.429    0.159   -0.371   -0.082   -0.530
 0.32865    0.425    0.158   -0.381   -0.080   -0.539
 0.33194    0.421    0.155   -0.391   -0.079   -0.546
 0.33526    0.418    0.154   -0.399   -0.079   -0.553
 0.33861    0.413    0.150   -0.411   -0.078   -0.561
 0.34199    0.410    0.150   -0.419   -0.078   -0.569
 0.34541    0.405    0.146   -0.430   -0.079   -0.576
 0.34887    0.401    0.143   -0.442   -0.078   -0.585
 0.35236    0.398    0.143   -0.450   -0.078   -0.593
 0.35588    0.394    0.139   -0.462   -0.080   -0.601
 0.35944    0.390    0.136   -0.473   -0.081   -0.609
 0.36303    0.386    0.134   -0.482   -0.082   -0.616
 0.36666    0.382    0.132   -0.492   -0.083   -0.624
 0.37033    0.378    0.129   -0.503   -0.083   -0.632
 0.37403    0.374    0.126   -0.513   -0.085   -0.639
 0.37777    0.370    0.122   -0.525   -0.086   -0.647
 0.38155    0.366    0.120   -0.534   -0.090   -0.654
 0.38537    0.362    0.117   -0.545   -0.091   -0.662
 0.38922    0.358    0.113   -0.555   -0.094   -0.668
 0.39311    0.354    0.110   -0.566   -0.096   -0.676
 0.39705    0.351    0.107   -0.575   -0.099   -0.682
 0.40102    0.347    0.103   -0.587   -0.101   -0.690
 0.40503    0.343    0.100   -0.597   -0.101   -0.697
 0.40908    0.339    0.096   -0.608   -0.102   -0.704
 0.41317    0.335    0.092   -0.620   -0.102   -0.712
 0.41730    0.330    0.087   -0.632   -0.102   -0.719
 0.42147    0.326    0.082   -0.644   -0.100   -0.726
 0.42569    0.323    0.079   -0.653   -0.099   -0.732
 0.42994    0.319    0.075   -0.664   -0.096   -0.739
 0.43424    0.315    0.070   -0.677   -0.093   -0.747
 0.43858    0.311    0.066   -0.689   -0.089   -0.755
 0.44297    0.307    0.062   -0.701   -0.084   -0.763
 0.44740    0.303    0.057   -0.715   -0.079   -0.772
 0.45187    0.299    0.052   -0.729   -0.075   -0.781
 0.45639    0.295    0.047   -0.744   -0.070   -0.791
 0.46096    0.291    0.042   -0.759   -0.065   -0.801
 0.46557    0.287    0.036   -0.774   -0.061   -0.810
 0.47022    0.284    0.031   -0.788   -0.058   -0.819
 0.47492    0.280    0.026   -0.802   -0.056   -0.828
 0.47967    0.276    0.021   -0.814   -0.054   -0.835
 0.48447    0.272    0.015   -0.827   -0.053   -0.842
 0.48932    0.268    0.009   -0.839   -0.052   -0.848
 0.49421    0.264    0.003   -0.851   -0.052   -0.854
 0.49915    0.261   -0.002   -0.861   -0.052   -0.859
 0.50414    0.257   -0.008   -0.871   -0.051   -0.863
 0.50918    0.253   -0.015   -0.883   -0.051   -0.868
 0.51428    0.250   -0.022   -0.892   -0.052   -0.870
 0.51942    0.246   -0.029   -0.903   -0.052   -0.874
 0.52461    0.242   -0.035   -0.912   -0.052   -0.877
 0.52986    0.239   -0.040   -0.920   -0.053   -0.880
 0.53516    0.236   -0.047   -0.930   -0.054   -0.883
 0.54051    0.232   -0.052   -0.937   -0.055   -0.885
 0.54591    0.229   -0.059   -0.946   -0.056   -0.887
 0.55137    0.226   -0.064   -0.953   -0.058   -0.889
 0.55689    0.223   -0.071   -0.961   -0.059   -0.890
 0.56246    0.220   -0.076   -0.967   -0.060   -0.891
 0.56808    0.217   -0.082   -0.974   -0.059   -0.892
 0.57376    0.214   -0.088   -0.980   -0.055   -0.892
 0.57950    0.211   -0.093   -0.984   -0.048   -0.891
 0.58529    0.208   -0.100   -0.991   -0.036   -0.891
 0.59115    0.205   -0.105   -0.994   -0.019   -0.889
 0.59706    0.202   -0.111   -0.999    0.002   -0.888
 0.60303    0.200   -0.117   -1.003    0.020   -0.886
 0.60906    0.197   -0.122   -1.006    0.036   -0.884
 0.61515    0.194   -0.127   -1.009    0.050   -0.882
 0.62130    0.192   -0.132   -1.012    0.063   -0.880
 0.62751    0.189   -0.137   -1.016    0.073   -0.879
 0.63379    0.187   -0.140   -1.018    0.082   -0.878
 0.64013    0.184   -0.144   -1.021    0.090   -0.877
 0.64653    0.182   -0.148   -1.025    0.100   -0.877
 0.65299    0.180   -0.149   -1.027    0.107   -0.878
 0.65952    0.177   -0.150   -1.030    0.114   -0.880
 0.66612    0.175   -0.151   -1.032    0.120   -0.881
 0.67278    0.173   -0.151   -1.034    0.125   -0.883
 0.67951    0.171   -0.149   -1.035    0.130   -0.886
 0.68630    0.169   -0.149   -1.038    0.134   -0.889
 0.69317    0.167   -0.148   -1.040    0.141   -0.892
 0.70010    0.165   -0.146   -1.044    0.150   -0.898
 0.70710    0.163   -0.145   -1.046    0.157   -0.901
 0.71417    0.162   -0.143   -1.049    0.163   -0.906
 0.72131    0.160   -0.140   -1.052    0.169   -0.912
 0.72852    0.158   -0.137   -1.056    0.178   -0.919
 0.73581    0.156   -0.135   -1.060    0.185   -0.925
 0.74317    0.154   -0.129   -1.063    0.192   -0.934
 0.75060    0.152   -0.126   -1.069    0.201   -0.943
 0.75810    0.151   -0.121   -1.073    0.212   -0.952
 0.76569    0.149   -0.115   -1.079    0.226   -0.964
 0.77334    0.147   -0.109   -1.083    0.240   -0.974
 0.78108    0.145   -0.103   -1.089    0.260   -0.986
 0.78889    0.144   -0.095   -1.095    0.284   -1.000
 0.79678    0.142   -0.088   -1.100    0.308   -1.012
 0.80474    0.140   -0.080   -1.106    0.337   -1.026
 0.81279    0.139   -0.070   -1.112    0.369   -1.042
 0.82092    0.137   -0.064   -1.117    0.395   -1.053
 0.82913    0.135   -0.055   -1.123    0.413   -1.068
 0.83742    0.134   -0.047   -1.130    0.424   -1.083
 0.84579    0.132   -0.037   -1.136    0.434   -1.099
 0.85425    0.131   -0.028   -1.143    0.440   -1.115
 0.86279    0.129   -0.018   -1.151    0.443   -1.133
 0.87142    0.128   -0.009   -1.160    0.446   -1.151
 0.88014    0.126   -0.000   -1.170    0.445   -1.170
 0.88894    0.124    0.009   -1.182    0.444   -1.191
 0.89783    0.123    0.018   -1.194    0.447   -1.212
 0.90681    0.121    0.026   -1.208    0.450   -1.234
 0.91587    0.120    0.035   -1.222    0.456   -1.257
 0.92503    0.119    0.044   -1.237    0.461   -1.281
 0.93428    0.117    0.054   -1.251    0.470   -1.305
 0.94363    0.116    0.063   -1.265    0.477   -1.328
 0.95306    0.114    0.072   -1.279    0.477   -1.351
 0.96259    0.113    0.082   -1.292    0.478   -1.374
 0.97222    0.112    0.093   -1.305    0.477   -1.398
 0.98194    0.111    0.104   -1.316    0.471   -1.420
 0.99176    0.109    0.114   -1.330    0.463   -1.444
 1.00168    0.108    0.123   -1.342    0.457   -1.465
 1.01169    0.107    0.134   -1.356    0.443   -1.490
 1.02181    0.106    0.145   -1.367    0.426   -1.512
 1.03203    0.105    0.156   -1.380    0.410   -1.536
 1.04235    0.104    0.167   -1.392    0.393   -1.559
 1.05277    0.103    0.178   -1.405    0.376   -1.583
 1.06330    0.102    0.189   -1.416    0.357   -1.605
 1.07393    0.101    0.201   -1.428    0.344   -1.629
 1.08467    0.100    0.213   -1.441    0.331   -1.654
 1.09552    0.099    0.225   -1.454    0.319   -1.679
 1.10647    0.098    0.238   -1.466    0.305   -1.704
 1.11754    0.097    0.250   -1.478    0.289   -1.728
 1.12871    0.096    0.262   -1.492    0.269   -1.754
 1.14000    0.095    0.275   -1.505    0.250   -1.780
 1.15140    0.095    0.288   -1.518    0.239   -1.806
 1.16292    0.094    0.300   -1.531    0.231   -1.831
 1.17455    0.093    0.312   -1.542    0.226   -1.854
 1.18629    0.093    0.326   -1.551    0.223   -1.877
 1.19815    0.092    0.339   -1.559    0.220   -1.898
 1.21013    0.091    0.352   -1.567    0.213   -1.919
 1.22224    0.091    0.367   -1.569    0.201   -1.936
 1.23446    0.090    0.379   -1.572    0.182   -1.951
 1.24680    0.090    0.393   -1.573    0.162   -1.966
 1.25927    0.089    0.405   -1.574    0.138   -1.979
 1.27186    0.089    0.417   -1.573    0.114   -1.990
 1.28458    0.088    0.430   -1.571    0.093   -2.001
 1.29743    0.088    0.442   -1.569    0.074   -2.011
 1.31040    0.087    0.455   -1.566    0.063   -2.021
 1.32351    0.087    0.467   -1.564    0.059   -2.031
 1.33674    0.086    0.480   -1.561    0.062   -2.041
 1.35011    0.086    0.493   -1.558    0.072   -2.051
 1.36361    0.085    0.505   -1.556    0.092   -2.061
 1.37725    0.085    0.517   -1.554    0.117   -2.071
 1.39102    0.084    0.528   -1.553    0.139   -2.081
 1.40493    0.083    0.541   -1.551    0.164   -2.092
 1.41898    0.083    0.552   -1.549    0.188   -2.101
 1.43317    0.082    0.563   -1.549    0.212   -2.112
 1.44750    0.082    0.575   -1.546    0.237   -2.121
 1.46197    0.081    0.587   -1.544    0.260   -2.131
 1.47659    0.080    0.598   -1.541    0.281   -2.139
 1.49136    0.080    0.609   -1.537    0.304   -2.146
 1.50627    0.079    0.620   -1.532    0.329   -2.152
 1.52134    0.079    0.628   -1.528    0.357   -2.156
 1.53655    0.078    0.637   -1.522    0.390   -2.159
 1.55192    0.077    0.645   -1.518    0.428   -2.163
 1.56743    0.076    0.652   -1.515    0.470   -2.167
 1.58311    0.076    0.657   -1.513    0.514   -2.170
 1.59894    0.075    0.665   -1.510    0.560   -2.175
 1.61493    0.074    0.671   -1.508    0.606   -2.179
 1.63108    0.074    0.677   -1.508    0.651   -2.185
 1.64739    0.073    0.682   -1.510    0.694   -2.192
 1.66386    0.072    0.687   -1.511    0.735   -2.198
 1.68050    0.071    0.692   -1.509    0.771   -2.201
 1.69731    0.071    0.696   -1.507    0.801   -2.203
 1.71428    0.070    0.698   -1.503    0.826   -2.201
 1.73142    0.069    0.702   -1.497    0.843   -2.199
 1.74874    0.068    0.706   -1.489    0.854   -2.195
 1.76622    0.068    0.708   -1.483    0.858   -2.191
 1.78389    0.067    0.710   -1.475    0.858   -2.185
 1.80173    0.066    0.712   -1.466    0.857   -2.178
 1.81974    0.066    0.713   -1.458    0.852   -2.171
 1.83794    0.065    0.715   -1.448    0.847   -2.163
 1.85632    0.064    0.716   -1.438    0.839   -2.154
 1.87488    0.064    0.716   -1.428    0.829   -2.144
 1.89363    0.063    0.717   -1.417    0.815   -2.134
 1.91257    0.063    0.717   -1.406    0.801   -2.123
 1.93169    0.062    0.717   -1.395    0.782   -2.112
 1.95101    0.062    0.716   -1.385    0.761   -2.101
 1.97052    0.061    0.716   -1.374    0.733   -2.090
 1.99023    0.060    0.715   -1.362    0.704   -2.077
 2.01013    0.060    0.714   -1.351    0.671   -2.065
 2.03023    0.059    0.713   -1.339    0.637   -2.052
 2.05053    0.059    0.711   -1.327    0.600   -2.038
 2.07104    0.058    0.710   -1.313    0.562   -2.023
 2.09175    0.058    0.708   -1.300    0.526   -2.008
 2.11267    0.057    0.707   -1.287    0.491   -1.994
 2.13379    0.057    0.707   -1.272    0.454   -1.979
 2.15513    0.056    0.705   -1.259    0.418   -1.964
 2.17668    0.056    0.704   -1.244    0.382   -1.948
 2.19845    0.055    0.704   -1.229    0.350   -1.933
 2.22043    0.055    0.704   -1.213    0.323   -1.917
 2.24264    0.055    0.704   -1.197    0.302   -1.901
 2.26506    0.054    0.706   -1.179    0.289   -1.885
 2.28771    0.054    0.708   -1.161    0.275   -1.869
 2.31059    0.053    0.710   -1.142    0.254   -1.852
 2.33370    0.053    0.713   -1.123    0.221   -1.836
 2.35703    0.053    0.715   -1.103    0.181   -1.818
 2.38060    0.052    0.718   -1.083    0.140   -1.801
 2.40441    0.052    0.721   -1.063    0.096   -1.784
 2.42846    0.052    0.724   -1.042    0.049   -1.766
 2.45274    0.051    0.729   -1.020    0.002   -1.749
 2.47727    0.051    0.734   -0.999   -0.043   -1.733
 2.50204    0.051    0.739   -0.977   -0.085   -1.716
 2.52706    0.051    0.748   -0.952   -0.126   -1.700
 2.55233    0.051    0.755   -0.930   -0.168   -1.685
 2.57785    0.050    0.763   -0.907   -0.209   -1.670
 2.60363    0.050    0.772   -0.883   -0.252   -1.655
 2.62967    0.050    0.781   -0.860   -0.296   -1.641
 2.65597    0.050    0.790   -0.836   -0.341   -1.626
 2.68253    0.050    0.801   -0.811   -0.388   -1.612
 2.70935    0.050    0.812   -0.785   -0.434   -1.597
 2.73644    0.049    0.822   -0.761   -0.477   -1.583
 2.76381    0.049    0.833   -0.735   -0.517   -1.568
 2.79145    0.049    0.843   -0.710   -0.554   -1.553
 2.81936    0.049    0.852   -0.687   -0.593   -1.539
 2.84755    0.049    0.863   -0.662   -0.634   -1.525
 2.87603    0.049    0.875   -0.636   -0.674   -1.511
 2.90479    0.049    0.887   -0.611   -0.706   -1.498
 2.93384    0.049    0.899   -0.585   -0.729   -1.484
 2.96318    0.049    0.910   -0.559   -0.746   -1.469
 2.99281    0.049    0.922   -0.533   -0.764   -1.455
